INSERT INTO TABLE VALUES 
(148)
, 
(379)
, 
(275)
, 
(543)
, 
(979)
, 
(67)
, 
(485)
, 
(935)
, 
(993)
, 
(892)
, 
(304)
, 
(354)
, 
(115)
, 
(631)
, 
(807)
, 
(743)
, 
(378)
, 
(859)
, 
(589)
, 
(20)
, 
(17)
, 
(788)
, 
(851)
, 
(283)
, 
(185)
, 
(546)
, 
(56)
, 
(111)
, 
(288)
, 
(740)
, 
(741)
, 
(91)
, 
(621)
, 
(805)
, 
(591)
, 
(602)
, 
(744)
, 
(578)
, 
(773)
, 
(665)
, 
(163)
, 
(974)
, 
(861)
, 
(187)
, 
(483)
, 
(168)
, 
(469)
, 
(449)
, 
(319)
, 
(821)
, 
(434)
, 
(244)
, 
(270)
, 
(149)
, 
(495)
, 
(659)
, 
(819)
, 
(270)
, 
(386)
, 
(976)
, 
(119)
, 
(307)
, 
(655)
, 
(508)
, 
(48)
, 
(9)
, 
(499)
, 
(90)
, 
(581)
, 
(17)
, 
(477)
, 
(866)
, 
(992)
, 
(865)
, 
(372)
, 
(468)
, 
(29)
, 
(669)
, 
(804)
, 
(421)
, 
(346)
, 
(998)
, 
(703)
, 
(711)
, 
(634)
, 
(437)
, 
(778)
, 
(881)
, 
(258)
, 
(942)
, 
(338)
, 
(444)
, 
(592)
, 
(404)
, 
(923)
, 
(319)
, 
(245)
, 
(398)
, 
(329)
, 
(706)
, 
(493)
, 
(333)
, 
(493)
, 
(985)
, 
(81)
, 
(878)
, 
(808)
, 
(47)
, 
(723)
, 
(394)
, 
(405)
, 
(48)
, 
(110)
, 
(873)
, 
(330)
, 
(145)
, 
(632)
, 
(289)
, 
(969)
, 
(575)
, 
(503)
, 
(216)
, 
(194)
, 
(46)
, 
(955)
, 
(30)
, 
(777)
, 
(32)
, 
(331)
, 
(140)
, 
(137)
, 
(412)
, 
(23)
, 
(116)
, 
(454)
, 
(943)
, 
(688)
, 
(794)
, 
(867)
, 
(9)
, 
(938)
, 
(514)
, 
(16)
, 
(852)
, 
(235)
, 
(341)
, 
(208)
, 
(924)
, 
(209)
, 
(564)
, 
(813)
, 
(878)
, 
(362)
, 
(61)
, 
(402)
, 
(591)
, 
(592)
, 
(773)
, 
(750)
, 
(110)
, 
(747)
, 
(340)
, 
(534)
, 
(666)
, 
(140)
, 
(410)
, 
(448)
, 
(556)
, 
(703)
, 
(764)
, 
(929)
, 
(327)
, 
(190)
, 
(379)
, 
(185)
, 
(854)
, 
(789)
, 
(164)
, 
(61)
, 
(36)
, 
(865)
, 
(187)
, 
(73)
, 
(10)
, 
(671)
, 
(837)
, 
(547)
, 
(796)
, 
(232)
, 
(363)
, 
(738)
, 
(31)
, 
(171)
, 
(661)
, 
(475)
, 
(827)
, 
(218)
, 
(669)
, 
(17)
, 
(803)
, 
(757)
, 
(656)
, 
(14)
, 
(940)
, 
(916)
, 
(129)
, 
(419)
, 
(442)
, 
(341)
, 
(220)
, 
(220)
, 
(244)
, 
(423)
, 
(485)
, 
(717)
, 
(483)
, 
(61)
, 
(571)
, 
(577)
, 
(872)
, 
(823)
, 
(819)
, 
(543)
, 
(758)
, 
(38)
, 
(203)
, 
(735)
, 
(421)
, 
(294)
, 
(702)
, 
(698)
, 
(946)
, 
(585)
, 
(175)
, 
(181)
, 
(674)
, 
(685)
, 
(91)
, 
(508)
, 
(136)
, 
(720)
, 
(1000)
, 
(911)
, 
(970)
, 
(768)
, 
(856)
, 
(77)
, 
(94)
, 
(926)
, 
(980)
, 
(879)
, 
(239)
, 
(978)
, 
(453)
, 
(214)
, 
(694)
, 
(44)
, 
(531)
, 
(241)
, 
(770)
, 
(156)
, 
(588)
, 
(430)
, 
(882)
, 
(657)
, 
(32)
, 
(83)
, 
(69)
, 
(739)
, 
(307)
, 
(58)
, 
(79)
, 
(290)
, 
(265)
, 
(396)
, 
(574)
, 
(450)
, 
(710)
, 
(514)
, 
(44)
, 
(81)
, 
(648)
, 
(468)
, 
(986)
, 
(790)
, 
(891)
, 
(18)
, 
(487)
, 
(267)
, 
(213)
, 
(526)
, 
(481)
, 
(774)
, 
(554)
, 
(447)
, 
(885)
, 
(34)
, 
(82)
, 
(113)
, 
(4)
, 
(433)
, 
(207)
, 
(546)
, 
(172)
, 
(769)
, 
(737)
, 
(281)
, 
(359)
, 
(732)
, 
(191)
, 
(20)
, 
(735)
, 
(883)
, 
(622)
, 
(151)
, 
(436)
, 
(307)
, 
(108)
, 
(634)
, 
(992)
, 
(474)
, 
(990)
, 
(129)
, 
(183)
, 
(599)
, 
(794)
, 
(490)
, 
(452)
, 
(915)
, 
(756)
, 
(208)
, 
(842)
, 
(628)
, 
(978)
, 
(676)
, 
(84)
, 
(970)
, 
(605)
, 
(240)
, 
(325)
, 
(265)
, 
(139)
, 
(870)
, 
(297)
, 
(235)
, 
(639)
, 
(13)
, 
(900)
, 
(895)
, 
(984)
, 
(555)
, 
(922)
, 
(69)
, 
(486)
, 
(393)
, 
(459)
, 
(439)
, 
(567)
, 
(773)
, 
(307)
, 
(736)
, 
(740)
, 
(326)
, 
(706)
, 
(192)
, 
(418)
, 
(876)
, 
(915)
, 
(282)
, 
(924)
, 
(549)
, 
(11)
, 
(978)
, 
(161)
, 
(582)
, 
(661)
, 
(468)
, 
(442)
, 
(424)
, 
(739)
, 
(616)
, 
(256)
, 
(644)
, 
(894)
, 
(547)
, 
(287)
, 
(800)
, 
(963)
, 
(802)
, 
(271)
, 
(580)
, 
(929)
, 
(301)
, 
(528)
, 
(201)
, 
(519)
, 
(116)
, 
(716)
, 
(4)
, 
(777)
, 
(539)
, 
(134)
, 
(441)
, 
(629)
, 
(127)
, 
(84)
, 
(167)
, 
(295)
, 
(81)
, 
(159)
, 
(632)
, 
(14)
, 
(98)
, 
(976)
, 
(487)
, 
(54)
, 
(888)
, 
(578)
, 
(995)
, 
(897)
, 
(453)
, 
(916)
, 
(664)
, 
(717)
, 
(494)
, 
(749)
, 
(427)
, 
(7)
, 
(65)
, 
(116)
, 
(480)
, 
(969)
, 
(501)
, 
(108)
, 
(296)
, 
(148)
, 
(936)
, 
(79)
, 
(198)
, 
(608)
, 
(217)
, 
(115)
, 
(651)
, 
(507)
, 
(705)
, 
(361)
, 
(129)
, 
(540)
, 
(883)
, 
(287)
, 
(208)
, 
(510)
, 
(767)
, 
(747)
, 
(44)
, 
(401)
, 
(659)
, 
(277)
, 
(873)
, 
(433)
, 
(840)
, 
(322)
, 
(221)
, 
(444)
, 
(686)
, 
(42)
, 
(150)
, 
(818)
, 
(879)
, 
(742)
, 
(868)
, 
(975)
, 
(484)
, 
(467)
, 
(949)
, 
(122)
, 
(463)
, 
(335)
, 
(676)
, 
(403)
, 
(219)
, 
(344)
, 
(746)
, 
(988)
, 
(373)
, 
(172)
, 
(59)
, 
(321)
, 
(685)
, 
(217)
, 
(40)
, 
(792)
, 
(900)
, 
(887)
, 
(295)
, 
(675)
, 
(534)
, 
(672)
, 
(719)
, 
(44)
, 
(496)
, 
(362)
, 
(953)
, 
(112)
, 
(800)
, 
(211)
, 
(857)
, 
(265)
, 
(733)
, 
(494)
, 
(111)
, 
(952)
, 
(563)
, 
(751)
, 
(833)
, 
(982)
, 
(82)
, 
(478)
, 
(995)
, 
(313)
, 
(549)
, 
(532)
, 
(366)
, 
(951)
, 
(599)
, 
(409)
, 
(296)
, 
(955)
, 
(724)
, 
(674)
, 
(811)
, 
(103)
, 
(15)
, 
(664)
, 
(683)
, 
(23)
, 
(562)
, 
(633)
, 
(236)
, 
(417)
, 
(627)
, 
(957)
, 
(729)
, 
(740)
, 
(113)
, 
(180)
, 
(877)
, 
(197)
, 
(349)
, 
(268)
, 
(420)
, 
(947)
, 
(793)
, 
(478)
, 
(345)
, 
(876)
, 
(546)
, 
(354)
, 
(674)
, 
(6)
, 
(265)
, 
(296)
, 
(115)
, 
(789)
, 
(6)
, 
(794)
, 
(645)
, 
(665)
, 
(391)
, 
(41)
, 
(906)
, 
(472)
, 
(103)
, 
(45)
, 
(26)
, 
(307)
, 
(561)
, 
(429)
, 
(846)
, 
(313)
, 
(184)
, 
(105)
, 
(989)
, 
(806)
, 
(822)
, 
(799)
, 
(529)
, 
(345)
, 
(253)
, 
(319)
, 
(535)
, 
(397)
, 
(212)
, 
(759)
, 
(589)
, 
(984)
, 
(150)
, 
(948)
, 
(538)
, 
(507)
, 
(192)
, 
(621)
, 
(14)
, 
(605)
, 
(929)
, 
(5)
, 
(609)
, 
(651)
, 
(831)
, 
(761)
, 
(239)
, 
(353)
, 
(815)
, 
(680)
, 
(768)
, 
(671)
, 
(417)
, 
(141)
, 
(801)
, 
(14)
, 
(242)
, 
(546)
, 
(595)
, 
(70)
, 
(445)
, 
(745)
, 
(493)
, 
(347)
, 
(643)
, 
(349)
, 
(929)
, 
(496)
, 
(318)
, 
(680)
, 
(959)
, 
(347)
, 
(168)
, 
(927)
, 
(174)
, 
(498)
, 
(11)
, 
(769)
, 
(819)
, 
(695)
, 
(799)
, 
(969)
, 
(374)
, 
(312)
, 
(772)
, 
(696)
, 
(25)
, 
(888)
, 
(34)
, 
(903)
, 
(289)
, 
(705)
, 
(816)
, 
(149)
, 
(569)
, 
(99)
, 
(617)
, 
(761)
, 
(805)
, 
(847)
, 
(429)
, 
(341)
, 
(776)
, 
(919)
, 
(9)
, 
(531)
, 
(991)
, 
(445)
, 
(592)
, 
(135)
, 
(639)
, 
(605)
, 
(651)
, 
(680)
, 
(443)
, 
(755)
, 
(904)
, 
(130)
, 
(55)
, 
(608)
, 
(970)
, 
(274)
, 
(188)
, 
(868)
, 
(152)
, 
(823)
, 
(87)
, 
(741)
, 
(104)
, 
(456)
, 
(811)
, 
(690)
, 
(219)
, 
(743)
, 
(924)
, 
(875)
, 
(429)
, 
(563)
, 
(848)
, 
(349)
, 
(313)
, 
(156)
, 
(481)
, 
(981)
, 
(528)
, 
(31)
, 
(603)
, 
(849)
, 
(342)
, 
(839)
, 
(814)
, 
(131)
, 
(169)
, 
(238)
, 
(220)
, 
(321)
, 
(617)
, 
(770)
, 
(161)
, 
(666)
, 
(285)
, 
(406)
, 
(147)
, 
(525)
, 
(355)
, 
(889)
, 
(921)
, 
(407)
, 
(972)
, 
(902)
, 
(227)
, 
(689)
, 
(823)
, 
(980)
, 
(382)
, 
(475)
, 
(813)
, 
(534)
, 
(386)
, 
(944)
, 
(496)
, 
(448)
, 
(545)
, 
(673)
, 
(283)
, 
(98)
, 
(508)
, 
(680)
, 
(122)
, 
(973)
, 
(835)
, 
(320)
, 
(322)
, 
(199)
, 
(219)
, 
(371)
, 
(996)
, 
(170)
, 
(625)
, 
(868)
, 
(603)
, 
(539)
, 
(540)
, 
(970)
, 
(73)
, 
(230)
, 
(481)
, 
(108)
, 
(398)
, 
(856)
, 
(197)
, 
(331)
, 
(446)
, 
(968)
, 
(374)
, 
(4)
, 
(80)
, 
(758)
, 
(421)
, 
(234)
, 
(519)
, 
(362)
, 
(843)
, 
(417)
, 
(110)
, 
(783)
, 
(461)
, 
(573)
, 
(461)
, 
(1)
, 
(713)
, 
(792)
, 
(867)
, 
(229)
, 
(610)
, 
(401)
, 
(539)
, 
(681)
, 
(990)
, 
(645)
, 
(562)
, 
(651)
, 
(954)
, 
(157)
, 
(579)
, 
(505)
, 
(272)
, 
(375)
, 
(351)
, 
(70)
, 
(199)
, 
(452)
, 
(84)
, 
(222)
, 
(908)
, 
(781)
, 
(606)
, 
(441)
, 
(794)
, 
(958)
, 
(383)
, 
(525)
, 
(541)
, 
(615)
, 
(662)
, 
(777)
, 
(46)
, 
(475)
, 
(369)
, 
(233)
, 
(748)
, 
(281)
, 
(120)
, 
(354)
, 
(355)
, 
(711)
, 
(3)
, 
(970)
, 
(703)
, 
(995)
, 
(4)
, 
(761)
, 
(969)
, 
(658)
, 
(86)
, 
(761)
, 
(639)
, 
(909)
, 
(242)
, 
(226)
, 
(857)
, 
(748)
, 
(629)
, 
(772)
, 
(501)
, 
(784)
, 
(634)
, 
(547)
, 
(32)
, 
(776)
, 
(214)
, 
(605)
, 
(885)
, 
(790)
, 
(908)
, 
(545)
, 
(64)
, 
(154)
, 
(628)
, 
(540)
, 
(121)
, 
(145)
, 
(512)
, 
(486)
, 
(607)
, 
(26)
, 
(729)
, 
(60)
, 
(12)
, 
(451)
, 
(465)
, 
(564)
, 
(882)
, 
(412)
, 
(744)
, 
(328)
, 
(68)
, 
(533)
, 
(518)
, 
(81)
, 
(798)
, 
(269)
, 
(568)
, 
(74)
, 
(575)
, 
(901)
, 
(735)
, 
(723)
, 
(398)
, 
(121)
, 
(745)
, 
(640)
, 
(597)
, 
(113)
, 
(914)
, 
(349)
, 
(956)
, 
(384)
, 
(45)
, 
(164)
, 
(654)
, 
(479)
, 
(763)
, 
(158)
, 
(176)
, 
(266)
, 
(687)
, 
(936)
, 
(148)
, 
(33)
, 
(849)
, 
(243)
, 
(204)
, 
(289)
, 
(908)
, 
(637)
, 
(417)
, 
(53)
, 
(845)
, 
(577)
, 
(150)
, 
(622)
, 
(298)
, 
(995)
, 
(819)
, 
(456)
, 
(792)
, 
(635)
, 
(525)
, 
(240)
, 
(765)
, 
(945)
, 
(452)
, 
(45)
, 
(230)
, 
(78)
, 
(421)
, 
(571)
, 
(89)
, 
(497)
, 
(698)
, 
(253)
, 
(43)
, 
(253)
, 
(549)
, 
(93)
, 
(993)
, 
(194)
, 
(699)
, 
(245)
, 
(728)
, 
(466)
, 
(833)
, 
(714)
, 
(440)
, 
(98)
, 
(191)
, 
(887)
, 
(908)
, 
(655)
, 
(357)
, 
(997)
, 
(511)
, 
(727)
, 
(470)
, 
(510)
, 
(123)
, 
(764)
, 
(355)
, 
(488)
, 
(391)
, 
(565)
, 
(461)
, 
(968)
, 
(183)
, 
(303)
, 
(571)
, 
(475)
, 
(889)
, 
(434)
, 
(26)
, 
(991)
, 
(571)
, 
(559)
, 
(610)
, 
(321)
, 
(819)
, 
(96)
, 
(632)
, 
(544)
, 
(629)
, 
(847)
, 
(67)
, 
(898)
, 
(50)
, 
(431)
, 
(542)
, 
(52)
, 
(985)
, 
(339)
, 
(175)
, 
(970)
, 
(355)
, 
(199)
, 
(298)
, 
(594)
, 
(638)
, 
(917)
, 
(608)
, 
(901)
, 
(596)
, 
(684)
, 
(728)
, 
(788)
, 
(433)
, 
(463)
, 
(179)
, 
(112)
, 
(441)
, 
(389)
, 
(363)
, 
(672)
, 
(640)
, 
(567)
, 
(533)
, 
(751)
, 
(280)
, 
(580)
, 
(802)
, 
(946)
, 
(696)
, 
(854)
, 
(449)
, 
(591)
, 
(872)
, 
(738)
, 
(550)
, 
(972)
, 
(673)
, 
(758)
, 
(347)
, 
(505)
, 
(477)
, 
(999)
, 
(597)
, 
(546)
, 
(202)
, 
(282)
, 
(608)
, 
(822)
, 
(92)
, 
(279)
, 
(896)
, 
(734)
, 
(582)
, 
(637)
, 
(192)
, 
(301)
, 
(699)
, 
(154)
, 
(395)
, 
(394)
, 
(955)
, 
(340)
, 
(715)
, 
(510)
, 
(117)
, 
(937)
, 
(19)
, 
(210)
, 
(207)
, 
(150)
, 
(690)
, 
(568)
, 
(400)
, 
(101)
, 
(285)
, 
(272)
, 
(415)
, 
(17)
, 
(858)
, 
(340)
, 
(115)
, 
(507)
, 
(749)
, 
(217)
, 
(233)
, 
(206)
, 
(938)
, 
(85)
, 
(705)
, 
(436)
, 
(786)
, 
(24)
, 
(524)
, 
(654)
, 
(48)
, 
(621)
, 
(358)
, 
(925)
, 
(723)
, 
(5)
, 
(122)
, 
(846)
, 
(998)
, 
(288)
, 
(306)
, 
(139)
, 
(318)
, 
(170)
, 
(490)
, 
(109)
, 
(699)
, 
(923)
, 
(989)
, 
(716)
, 
(263)
, 
(639)
, 
(72)
, 
(213)
, 
(323)
, 
(811)
, 
(939)
, 
(386)
, 
(738)
, 
(251)
, 
(219)
, 
(553)
, 
(975)
, 
(902)
, 
(138)
, 
(820)
, 
(870)
, 
(277)
, 
(192)
, 
(951)
, 
(679)
, 
(349)
, 
(533)
, 
(277)
, 
(178)
, 
(370)
, 
(14)
, 
(449)
, 
(962)
, 
(210)
, 
(220)
, 
(157)
, 
(355)
, 
(172)
, 
(466)
, 
(593)
, 
(973)
, 
(513)
, 
(503)
, 
(220)
, 
(909)
, 
(238)
, 
(798)
, 
(977)
, 
(513)
, 
(461)
, 
(818)
, 
(10)
, 
(941)
, 
(560)
, 
(314)
, 
(664)
, 
(168)
, 
(878)
, 
(882)
, 
(544)
, 
(280)
, 
(168)
, 
(568)
, 
(963)
, 
(945)
, 
(894)
, 
(589)
, 
(877)
, 
(629)
, 
(726)
, 
(37)
, 
(756)
, 
(483)
, 
(291)
, 
(911)
, 
(115)
, 
(80)
, 
(47)
, 
(846)
, 
(370)
, 
(514)
, 
(469)
, 
(140)
, 
(773)
, 
(140)
, 
(726)
, 
(254)
, 
(132)
, 
(371)
, 
(125)
, 
(686)
, 
(456)
, 
(115)
, 
(153)
, 
(330)
, 
(613)
, 
(725)
, 
(716)
, 
(376)
, 
(971)
, 
(968)
, 
(511)
, 
(946)
, 
(675)
, 
(656)
, 
(327)
, 
(209)
, 
(199)
, 
(595)
, 
(430)
, 
(106)
, 
(738)
, 
(27)
, 
(195)
, 
(190)
, 
(725)
, 
(506)
, 
(244)
, 
(658)
, 
(359)
, 
(45)
, 
(890)
, 
(517)
, 
(153)
, 
(906)
, 
(847)
, 
(181)
, 
(543)
, 
(653)
, 
(6)
, 
(592)
, 
(578)
, 
(580)
, 
(542)
, 
(842)
, 
(778)
, 
(619)
, 
(455)
, 
(689)
, 
(413)
, 
(889)
, 
(729)
, 
(695)
, 
(766)
, 
(55)
, 
(245)
, 
(266)
, 
(341)
, 
(113)
, 
(819)
, 
(292)
, 
(500)
, 
(920)
, 
(855)
, 
(56)
, 
(71)
, 
(342)
, 
(877)
, 
(933)
, 
(57)
, 
(145)
, 
(89)
, 
(682)
, 
(157)
, 
(245)
, 
(620)
, 
(439)
, 
(801)
, 
(631)
, 
(198)
, 
(145)
, 
(255)
, 
(105)
, 
(35)
, 
(389)
, 
(172)
, 
(495)
, 
(701)
, 
(850)
, 
(672)
, 
(142)
, 
(428)
, 
(929)
, 
(719)
, 
(72)
, 
(938)
, 
(417)
, 
(489)
, 
(753)
, 
(995)
, 
(743)
, 
(518)
, 
(104)
, 
(320)
, 
(579)
, 
(181)
, 
(927)
, 
(972)
, 
(224)
, 
(710)
, 
(670)
, 
(189)
, 
(837)
, 
(885)
, 
(23)
, 
(803)
, 
(591)
, 
(111)
, 
(912)
, 
(62)
, 
(220)
, 
(114)
, 
(154)
, 
(489)
, 
(927)
, 
(305)
, 
(989)
, 
(539)
, 
(105)
, 
(397)
, 
(784)
, 
(690)
, 
(86)
, 
(570)
, 
(92)
, 
(101)
, 
(243)
, 
(368)
, 
(535)
, 
(797)
, 
(683)
, 
(178)
, 
(873)
, 
(658)
, 
(46)
, 
(13)
, 
(799)
, 
(712)
, 
(551)
, 
(306)
, 
(272)
, 
(437)
, 
(937)
, 
(587)
, 
(192)
, 
(362)
, 
(575)
, 
(644)
, 
(181)
, 
(823)
, 
(853)
, 
(977)
, 
(709)
, 
(874)
, 
(853)
, 
(108)
, 
(641)
, 
(567)
, 
(117)
, 
(750)
, 
(173)
, 
(747)
, 
(9)
, 
(756)
, 
(305)
, 
(575)
, 
(758)
, 
(342)
, 
(916)
, 
(220)
, 
(423)
, 
(271)
, 
(97)
, 
(680)
, 
(852)
, 
(707)
, 
(622)
, 
(253)
, 
(956)
, 
(991)
, 
(519)
, 
(61)
, 
(640)
, 
(894)
, 
(83)
, 
(452)
, 
(314)
, 
(288)
, 
(820)
, 
(387)
, 
(828)
, 
(365)
, 
(331)
, 
(823)
, 
(753)
, 
(544)
, 
(67)
, 
(426)
, 
(672)
, 
(613)
, 
(253)
, 
(266)
, 
(339)
, 
(764)
, 
(998)
, 
(179)
, 
(750)
, 
(678)
, 
(199)
, 
(998)
, 
(418)
, 
(861)
, 
(634)
, 
(375)
, 
(385)
, 
(665)
, 
(537)
, 
(608)
, 
(627)
, 
(710)
, 
(774)
, 
(9)
, 
(143)
, 
(584)
, 
(186)
, 
(192)
, 
(591)
, 
(997)
, 
(740)
, 
(5)
, 
(328)
, 
(149)
, 
(823)
, 
(813)
, 
(547)
, 
(602)
, 
(299)
, 
(714)
, 
(242)
, 
(920)
, 
(134)
, 
(263)
, 
(995)
, 
(198)
, 
(352)
, 
(461)
, 
(866)
, 
(516)
, 
(584)
, 
(906)
, 
(984)
, 
(704)
, 
(519)
, 
(611)
, 
(283)
, 
(802)
, 
(249)
, 
(270)
, 
(438)
, 
(514)
, 
(670)
, 
(578)
, 
(474)
, 
(206)
, 
(174)
, 
(285)
, 
(240)
, 
(777)
, 
(221)
, 
(483)
, 
(776)
, 
(945)
, 
(787)
, 
(148)
, 
(5)
, 
(266)
, 
(479)
, 
(945)
, 
(203)
, 
(852)
, 
(131)
, 
(386)
, 
(107)
, 
(323)
, 
(63)
, 
(92)
, 
(500)
, 
(843)
, 
(465)
, 
(211)
, 
(453)
, 
(10)
, 
(32)
, 
(264)
, 
(569)
, 
(270)
, 
(380)
, 
(157)
, 
(587)
, 
(957)
, 
(629)
, 
(75)
, 
(268)
, 
(845)
, 
(352)
, 
(440)
, 
(403)
, 
(224)
, 
(481)
, 
(789)
, 
(886)
, 
(974)
, 
(683)
, 
(167)
, 
(964)
, 
(504)
, 
(697)
, 
(658)
, 
(179)
, 
(179)
, 
(657)
, 
(164)
, 
(486)
, 
(362)
, 
(434)
, 
(811)
, 
(285)
, 
(992)
, 
(134)
, 
(634)
, 
(52)
, 
(981)
, 
(680)
, 
(372)
, 
(85)
, 
(716)
, 
(63)
, 
(130)
, 
(789)
, 
(443)
, 
(943)
, 
(189)
, 
(451)
, 
(769)
, 
(866)
, 
(691)
, 
(47)
, 
(998)
, 
(902)
, 
(642)
, 
(453)
, 
(470)
, 
(421)
, 
(978)
, 
(52)
, 
(210)
, 
(369)
, 
(227)
, 
(211)
, 
(311)
, 
(33)
, 
(204)
, 
(993)
, 
(294)
, 
(926)
, 
(51)
, 
(952)
, 
(479)
, 
(635)
, 
(439)
, 
(616)
, 
(987)
, 
(812)
, 
(140)
, 
(288)
, 
(703)
, 
(724)
, 
(115)
, 
(934)
, 
(336)
, 
(384)
, 
(173)
, 
(683)
, 
(982)
, 
(162)
, 
(890)
, 
(604)
, 
(315)
, 
(682)
, 
(521)
, 
(206)
, 
(103)
, 
(455)
, 
(410)
, 
(105)
, 
(65)
, 
(817)
, 
(865)
, 
(178)
, 
(408)
, 
(168)
, 
(666)
, 
(23)
, 
(559)
, 
(365)
, 
(162)
, 
(395)
, 
(420)
, 
(412)
, 
(956)
, 
(767)
, 
(161)
, 
(682)
, 
(211)
, 
(621)
, 
(239)
, 
(992)
, 
(901)
, 
(202)
, 
(756)
, 
(723)
, 
(723)
, 
(933)
, 
(780)
, 
(766)
, 
(881)
, 
(907)
, 
(79)
, 
(663)
, 
(637)
, 
(700)
, 
(283)
, 
(169)
, 
(94)
, 
(329)
, 
(846)
, 
(63)
, 
(230)
, 
(295)
, 
(31)
, 
(243)
, 
(32)
, 
(932)
, 
(74)
, 
(339)
, 
(172)
, 
(890)
, 
(809)
, 
(329)
, 
(148)
, 
(603)
, 
(796)
, 
(261)
, 
(55)
, 
(563)
, 
(273)
, 
(360)
, 
(161)
, 
(225)
, 
(427)
, 
(789)
, 
(276)
, 
(863)
, 
(115)
, 
(535)
, 
(338)
, 
(878)
, 
(270)
, 
(667)
, 
(392)
, 
(563)
, 
(41)
, 
(15)
, 
(427)
, 
(413)
, 
(66)
, 
(131)
, 
(549)
, 
(95)
, 
(773)
, 
(560)
, 
(960)
, 
(966)
, 
(928)
, 
(939)
, 
(101)
, 
(329)
, 
(691)
, 
(39)
, 
(858)
, 
(499)
, 
(98)
, 
(572)
, 
(839)
, 
(507)
, 
(965)
, 
(901)
, 
(58)
, 
(522)
, 
(748)
, 
(622)
, 
(869)
, 
(592)
, 
(26)
, 
(169)
, 
(990)
, 
(188)
, 
(734)
, 
(952)
, 
(332)
, 
(749)
, 
(80)
, 
(57)
, 
(559)
, 
(395)
, 
(382)
, 
(22)
, 
(455)
, 
(604)
, 
(554)
, 
(498)
, 
(983)
, 
(964)
, 
(333)
, 
(219)
, 
(472)
, 
(540)
, 
(839)
, 
(234)
, 
(754)
, 
(569)
, 
(192)
, 
(118)
, 
(251)
, 
(733)
, 
(576)
, 
(172)
, 
(630)
, 
(432)
, 
(969)
, 
(27)
, 
(383)
, 
(658)
, 
(401)
, 
(310)
, 
(339)
, 
(770)
, 
(991)
, 
(480)
, 
(928)
, 
(307)
, 
(33)
, 
(675)
, 
(173)
, 
(727)
, 
(60)
, 
(266)
, 
(987)
, 
(894)
, 
(291)
, 
(963)
, 
(963)
, 
(82)
, 
(938)
, 
(23)
, 
(677)
, 
(751)
, 
(644)
, 
(909)
, 
(537)
, 
(479)
, 
(397)
, 
(128)
, 
(37)
, 
(895)
, 
(557)
, 
(334)
, 
(707)
, 
(28)
, 
(504)
, 
(549)
, 
(57)
, 
(57)
, 
(624)
, 
(860)
, 
(396)
, 
(86)
, 
(644)
, 
(598)
, 
(311)
, 
(258)
, 
(585)
, 
(772)
, 
(732)
, 
(200)
, 
(712)
, 
(203)
, 
(9)
, 
(31)
, 
(347)
, 
(16)
, 
(618)
, 
(454)
, 
(463)
, 
(268)
, 
(185)
, 
(770)
, 
(691)
, 
(912)
, 
(903)
, 
(992)
, 
(532)
, 
(330)
, 
(7)
, 
(491)
, 
(752)
, 
(678)
, 
(797)
, 
(548)
, 
(827)
, 
(130)
, 
(207)
, 
(749)
, 
(689)
, 
(381)
, 
(883)
, 
(73)
, 
(804)
, 
(535)
, 
(655)
, 
(789)
, 
(673)
, 
(531)
, 
(808)
, 
(312)
, 
(328)
, 
(609)
, 
(519)
, 
(421)
, 
(21)
, 
(864)
, 
(692)
, 
(95)
, 
(816)
, 
(407)
, 
(716)
, 
(574)
, 
(538)
, 
(369)
, 
(342)
, 
(548)
, 
(727)
, 
(51)
, 
(436)
, 
(967)
, 
(728)
, 
(292)
, 
(230)
, 
(910)
, 
(705)
, 
(65)
, 
(614)
, 
(164)
, 
(791)
, 
(787)
, 
(274)
, 
(895)
, 
(155)
, 
(390)
, 
(775)
, 
(437)
, 
(877)
, 
(742)
, 
(318)
, 
(826)
, 
(493)
, 
(697)
, 
(284)
, 
(662)
, 
(900)
, 
(174)
, 
(138)
, 
(705)
, 
(865)
, 
(987)
, 
(261)
, 
(995)
, 
(784)
, 
(475)
, 
(593)
, 
(349)
, 
(679)
, 
(523)
, 
(518)
, 
(783)
, 
(878)
, 
(572)
, 
(954)
, 
(263)
, 
(191)
, 
(870)
, 
(594)
, 
(883)
, 
(64)
, 
(91)
, 
(919)
, 
(957)
, 
(285)
, 
(636)
, 
(98)
, 
(447)
, 
(408)
, 
(529)
, 
(405)
, 
(440)
, 
(497)
, 
(415)
, 
(970)
, 
(646)
, 
(559)
, 
(499)
, 
(363)
, 
(189)
, 
(887)
, 
(154)
, 
(337)
, 
(230)
, 
(149)
, 
(261)
, 
(809)
, 
(665)
, 
(799)
, 
(362)
, 
(812)
, 
(22)
, 
(243)
, 
(900)
, 
(828)
, 
(990)
, 
(176)
, 
(352)
, 
(534)
, 
(268)
, 
(251)
, 
(726)
, 
(846)
, 
(10)
, 
(405)
, 
(33)
, 
(491)
, 
(472)
, 
(13)
, 
(600)
, 
(342)
, 
(667)
, 
(429)
, 
(541)
, 
(292)
, 
(50)
, 
(226)
, 
(555)
, 
(912)
, 
(277)
, 
(134)
, 
(559)
, 
(847)
, 
(152)
, 
(968)
, 
(964)
, 
(921)
, 
(165)
, 
(986)
, 
(711)
, 
(357)
, 
(824)
, 
(660)
, 
(265)
, 
(368)
, 
(789)
, 
(133)
, 
(881)
, 
(2)
, 
(152)
, 
(841)
, 
(103)
, 
(846)
, 
(586)
, 
(550)
, 
(63)
, 
(715)
, 
(703)
, 
(941)
, 
(473)
, 
(953)
, 
(476)
, 
(926)
, 
(516)
, 
(392)
, 
(975)
, 
(632)
, 
(900)
, 
(527)
, 
(894)
, 
(173)
, 
(940)
, 
(502)
, 
(791)
, 
(47)
, 
(617)
, 
(172)
, 
(438)
, 
(861)
, 
(16)
, 
(261)
, 
(683)
, 
(578)
, 
(602)
, 
(461)
, 
(63)
, 
(364)
, 
(825)
, 
(534)
, 
(73)
, 
(95)
, 
(583)
, 
(446)
, 
(248)
, 
(190)
, 
(91)
, 
(87)
, 
(439)
, 
(344)
, 
(455)
, 
(278)
, 
(219)
, 
(867)
, 
(377)
, 
(562)
, 
(352)
, 
(161)
, 
(358)
, 
(652)
, 
(596)
, 
(529)
, 
(65)
, 
(226)
, 
(400)
, 
(763)
, 
(922)
, 
(730)
, 
(380)
, 
(868)
, 
(796)
, 
(911)
, 
(125)
, 
(393)
, 
(942)
, 
(617)
, 
(888)
, 
(887)
, 
(713)
, 
(266)
, 
(579)
, 
(676)
, 
(922)
, 
(461)
, 
(219)
, 
(77)
, 
(986)
, 
(500)
, 
(615)
, 
(99)
, 
(583)
, 
(799)
, 
(465)
, 
(342)
, 
(476)
, 
(645)
, 
(473)
, 
(160)
, 
(880)
, 
(773)
, 
(801)
, 
(319)
, 
(21)
, 
(632)
, 
(160)
, 
(705)
, 
(485)
, 
(501)
, 
(106)
, 
(967)
, 
(164)
, 
(426)
, 
(623)
, 
(597)
, 
(771)
, 
(584)
, 
(206)
, 
(740)
, 
(753)
, 
(992)
, 
(642)
, 
(5)
, 
(943)
, 
(378)
, 
(136)
, 
(959)
, 
(159)
, 
(33)
, 
(382)
, 
(48)
, 
(614)
, 
(193)
, 
(885)
, 
(428)
, 
(632)
, 
(629)
, 
(397)
, 
(699)
, 
(285)
, 
(667)
, 
(351)
, 
(377)
, 
(752)
, 
(48)
, 
(584)
, 
(293)
, 
(407)
, 
(520)
, 
(23)
, 
(304)
, 
(360)
, 
(271)
, 
(719)
, 
(422)
, 
(977)
, 
(245)
, 
(959)
, 
(375)
, 
(620)
, 
(365)
, 
(314)
, 
(30)
, 
(509)
, 
(678)
, 
(94)
, 
(853)
, 
(354)
, 
(713)
, 
(720)
, 
(11)
, 
(629)
, 
(85)
, 
(995)
, 
(655)
, 
(54)
, 
(97)
, 
(683)
, 
(768)
, 
(748)
, 
(531)
, 
(164)
, 
(931)
, 
(981)
, 
(641)
, 
(947)
, 
(328)
, 
(232)
, 
(530)
, 
(409)
, 
(528)
, 
(475)
, 
(82)
, 
(920)
, 
(664)
, 
(626)
, 
(975)
, 
(807)
, 
(549)
, 
(964)
, 
(14)
, 
(162)
, 
(555)
, 
(279)
, 
(851)
, 
(905)
, 
(88)
, 
(420)
, 
(18)
, 
(549)
, 
(343)
, 
(605)
, 
(167)
, 
(723)
, 
(663)
, 
(787)
, 
(367)
, 
(844)
, 
(333)
, 
(74)
, 
(823)
, 
(291)
, 
(459)
, 
(574)
, 
(764)
, 
(573)
, 
(687)
, 
(948)
, 
(144)
, 
(207)
, 
(276)
, 
(229)
, 
(292)
, 
(281)
, 
(500)
, 
(700)
, 
(8)
, 
(387)
, 
(950)
, 
(989)
, 
(285)
, 
(238)
, 
(856)
, 
(535)
, 
(429)
, 
(303)
, 
(255)
, 
(285)
, 
(441)
, 
(187)
, 
(985)
, 
(111)
, 
(775)
, 
(220)
, 
(861)
, 
(922)
, 
(624)
, 
(908)
, 
(682)
, 
(164)
, 
(826)
, 
(894)
, 
(747)
, 
(670)
, 
(849)
, 
(96)
, 
(559)
, 
(177)
, 
(282)
, 
(939)
, 
(491)
, 
(381)
, 
(536)
, 
(949)
, 
(791)
, 
(481)
, 
(473)
, 
(660)
, 
(129)
, 
(445)
, 
(140)
, 
(702)
, 
(182)
, 
(978)
, 
(825)
, 
(797)
, 
(782)
, 
(235)
, 
(692)
, 
(97)
, 
(246)
, 
(681)
, 
(294)
, 
(979)
, 
(863)
, 
(930)
, 
(178)
, 
(444)
, 
(835)
, 
(296)
, 
(116)
, 
(728)
, 
(396)
, 
(812)
, 
(835)
, 
(387)
, 
(751)
, 
(650)
, 
(88)
, 
(695)
, 
(969)
, 
(690)
, 
(174)
, 
(827)
, 
(561)
, 
(43)
, 
(904)
, 
(489)
, 
(648)
, 
(397)
, 
(84)
, 
(652)
, 
(43)
, 
(963)
, 
(25)
, 
(808)
, 
(698)
, 
(789)
, 
(283)
, 
(560)
, 
(49)
, 
(100)
, 
(173)
, 
(267)
, 
(271)
, 
(888)
, 
(260)
, 
(263)
, 
(955)
, 
(630)
, 
(998)
, 
(209)
, 
(671)
, 
(200)
, 
(869)
, 
(743)
, 
(318)
, 
(328)
, 
(208)
, 
(745)
, 
(539)
, 
(610)
, 
(986)
, 
(179)
, 
(576)
, 
(876)
, 
(828)
, 
(666)
, 
(875)
, 
(590)
, 
(53)
, 
(976)
, 
(465)
, 
(440)
, 
(580)
, 
(442)
, 
(348)
, 
(281)
, 
(101)
, 
(476)
, 
(475)
, 
(596)
, 
(74)
, 
(410)
, 
(836)
, 
(772)
, 
(110)
, 
(544)
, 
(67)
, 
(645)
, 
(647)
, 
(150)
, 
(880)
, 
(924)
, 
(368)
, 
(635)
, 
(566)
, 
(581)
, 
(996)
, 
(707)
, 
(22)
, 
(219)
, 
(222)
, 
(845)
, 
(52)
, 
(619)
, 
(901)
, 
(643)
, 
(217)
, 
(784)
, 
(388)
, 
(111)
, 
(318)
, 
(832)
, 
(46)
, 
(602)
, 
(737)
, 
(315)
, 
(859)
, 
(441)
, 
(709)
, 
(758)
, 
(125)
, 
(110)
, 
(756)
, 
(570)
, 
(65)
, 
(43)
, 
(230)
, 
(89)
, 
(620)
, 
(757)
, 
(949)
, 
(664)
, 
(958)
, 
(184)
, 
(756)
, 
(164)
, 
(407)
, 
(280)
, 
(8)
, 
(290)
, 
(733)
, 
(998)
, 
(108)
, 
(668)
, 
(612)
, 
(781)
, 
(263)
, 
(628)
, 
(429)
, 
(172)
, 
(641)
, 
(603)
, 
(536)
, 
(418)
, 
(926)
, 
(959)
, 
(984)
, 
(134)
, 
(53)
, 
(939)
, 
(382)
, 
(830)
, 
(86)
, 
(447)
, 
(505)
, 
(785)
, 
(344)
, 
(211)
, 
(896)
, 
(413)
, 
(378)
, 
(772)
, 
(584)
, 
(981)
, 
(110)
, 
(409)
, 
(916)
, 
(384)
, 
(228)
, 
(641)
, 
(761)
, 
(199)
, 
(336)
, 
(190)
, 
(475)
, 
(331)
, 
(345)
, 
(946)
, 
(402)
, 
(103)
, 
(226)
, 
(631)
, 
(487)
, 
(884)
, 
(957)
, 
(366)
, 
(94)
, 
(48)
, 
(483)
, 
(434)
, 
(717)
, 
(323)
, 
(669)
, 
(300)
, 
(3)
, 
(117)
, 
(186)
, 
(941)
, 
(518)
, 
(7)
, 
(324)
, 
(411)
, 
(862)
, 
(611)
, 
(915)
, 
(228)
, 
(528)
, 
(544)
, 
(215)
, 
(497)
, 
(807)
, 
(873)
, 
(955)
, 
(965)
, 
(120)
, 
(110)
, 
(276)
, 
(285)
, 
(745)
, 
(417)
, 
(266)
, 
(655)
, 
(35)
, 
(680)
, 
(554)
, 
(820)
, 
(401)
, 
(347)
, 
(530)
, 
(164)
, 
(984)
, 
(895)
, 
(81)
, 
(11)
, 
(834)
, 
(182)
, 
(609)
, 
(110)
, 
(921)
, 
(947)
, 
(939)
, 
(359)
, 
(264)
, 
(448)
, 
(644)
, 
(535)
, 
(591)
, 
(99)
, 
(733)
, 
(107)
, 
(258)
, 
(198)
, 
(743)
, 
(455)
, 
(268)
, 
(899)
, 
(440)
, 
(634)
, 
(219)
, 
(738)
, 
(21)
, 
(714)
, 
(359)
, 
(807)
, 
(537)
, 
(643)
, 
(443)
, 
(651)
, 
(484)
, 
(616)
, 
(885)
, 
(613)
, 
(324)
, 
(832)
, 
(834)
, 
(562)
, 
(566)
, 
(352)
, 
(66)
, 
(997)
, 
(408)
, 
(89)
, 
(561)
, 
(514)
, 
(888)
, 
(361)
, 
(673)
, 
(801)
, 
(351)
, 
(16)
, 
(78)
, 
(495)
, 
(702)
, 
(475)
, 
(713)
, 
(939)
, 
(693)
, 
(618)
, 
(887)
, 
(847)
, 
(92)
, 
(14)
, 
(883)
, 
(46)
, 
(406)
, 
(182)
, 
(443)
, 
(885)
, 
(2)
, 
(584)
, 
(895)
, 
(175)
, 
(437)
, 
(28)
, 
(28)
, 
(261)
, 
(261)
, 
(705)
, 
(74)
, 
(568)
, 
(5)
, 
(444)
, 
(262)
, 
(49)
, 
(385)
, 
(606)
, 
(481)
, 
(330)
, 
(554)
, 
(526)
, 
(384)
, 
(463)
, 
(710)
, 
(690)
, 
(745)
, 
(101)
, 
(249)
, 
(356)
, 
(86)
, 
(927)
, 
(653)
, 
(184)
, 
(759)
, 
(636)
, 
(109)
, 
(375)
, 
(47)
, 
(459)
, 
(473)
, 
(540)
, 
(952)
, 
(293)
, 
(263)
, 
(912)
, 
(853)
, 
(580)
, 
(741)
, 
(260)
, 
(253)
, 
(231)
, 
(840)
, 
(576)
, 
(427)
, 
(148)
, 
(559)
, 
(562)
, 
(204)
, 
(80)
, 
(913)
, 
(858)
, 
(656)
, 
(299)
, 
(715)
, 
(193)
, 
(145)
, 
(622)
, 
(62)
, 
(727)
, 
(743)
, 
(55)
, 
(134)
, 
(904)
, 
(889)
, 
(106)
, 
(597)
, 
(97)
, 
(611)
, 
(210)
, 
(870)
, 
(166)
, 
(37)
, 
(241)
, 
(761)
, 
(203)
, 
(112)
, 
(714)
, 
(368)
, 
(289)
, 
(639)
, 
(905)
, 
(108)
, 
(200)
, 
(285)
, 
(960)
, 
(213)
, 
(706)
, 
(896)
, 
(974)
, 
(934)
, 
(899)
, 
(216)
, 
(821)
, 
(868)
, 
(945)
, 
(436)
, 
(654)
, 
(182)
, 
(779)
, 
(733)
, 
(290)
, 
(952)
, 
(747)
, 
(456)
, 
(128)
, 
(412)
, 
(791)
, 
(159)
, 
(429)
, 
(715)
, 
(553)
, 
(503)
, 
(634)
, 
(9)
, 
(469)
, 
(532)
, 
(587)
, 
(532)
, 
(476)
, 
(487)
, 
(292)
, 
(187)
, 
(428)
, 
(237)
, 
(888)
, 
(284)
, 
(806)
, 
(556)
, 
(96)
, 
(80)
, 
(545)
, 
(66)
, 
(130)
, 
(474)
, 
(68)
, 
(396)
, 
(909)
, 
(210)
, 
(915)
, 
(872)
, 
(43)
, 
(109)
, 
(9)
, 
(29)
, 
(185)
, 
(78)
, 
(93)
, 
(334)
, 
(360)
, 
(829)
, 
(486)
, 
(689)
, 
(326)
, 
(436)
, 
(79)
, 
(152)
, 
(372)
, 
(227)
, 
(683)
, 
(300)
, 
(966)
, 
(912)
, 
(187)
, 
(12)
, 
(329)
, 
(250)
, 
(293)
, 
(800)
, 
(625)
, 
(395)
, 
(60)
, 
(516)
, 
(915)
, 
(500)
, 
(787)
, 
(678)
, 
(58)
, 
(492)
, 
(627)
, 
(299)
, 
(23)
, 
(471)
, 
(282)
, 
(586)
, 
(910)
, 
(167)
, 
(388)
, 
(184)
, 
(215)
, 
(633)
, 
(617)
, 
(628)
, 
(840)
, 
(65)
, 
(390)
, 
(66)
, 
(447)
, 
(98)
, 
(137)
, 
(536)
, 
(549)
, 
(369)
, 
(368)
, 
(712)
, 
(169)
, 
(115)
, 
(18)
, 
(455)
, 
(219)
, 
(178)
, 
(934)
, 
(383)
, 
(249)
, 
(175)
, 
(421)
, 
(792)
, 
(277)
, 
(302)
, 
(685)
, 
(764)
, 
(743)
, 
(624)
, 
(269)
, 
(755)
, 
(351)
, 
(172)
, 
(623)
, 
(77)
, 
(473)
, 
(874)
, 
(876)
, 
(338)
, 
(847)
, 
(212)
, 
(210)
, 
(442)
, 
(40)
, 
(37)
, 
(344)
, 
(37)
, 
(727)
, 
(228)
, 
(669)
, 
(825)
, 
(489)
, 
(955)
, 
(630)
, 
(93)
, 
(870)
, 
(526)
, 
(282)
, 
(980)
, 
(127)
, 
(621)
, 
(969)
, 
(695)
, 
(106)
, 
(33)
, 
(800)
, 
(546)
, 
(17)
, 
(69)
, 
(535)
, 
(841)
, 
(207)
, 
(233)
, 
(137)
, 
(835)
, 
(35)
, 
(358)
, 
(897)
, 
(197)
, 
(565)
, 
(131)
, 
(747)
, 
(226)
, 
(462)
, 
(240)
, 
(572)
, 
(23)
, 
(972)
, 
(669)
, 
(783)
, 
(382)
, 
(440)
, 
(911)
, 
(60)
, 
(254)
, 
(707)
, 
(114)
, 
(225)
, 
(597)
, 
(960)
, 
(635)
, 
(308)
, 
(120)
, 
(761)
, 
(385)
, 
(768)
, 
(241)
, 
(878)
, 
(221)
, 
(910)
, 
(762)
, 
(966)
, 
(896)
, 
(499)
, 
(392)
, 
(176)
, 
(617)
, 
(287)
, 
(842)
, 
(278)
, 
(979)
, 
(547)
, 
(358)
, 
(83)
, 
(67)
, 
(699)
, 
(289)
, 
(117)
, 
(597)
, 
(375)
, 
(614)
, 
(721)
, 
(993)
, 
(794)
, 
(480)
, 
(872)
, 
(603)
, 
(647)
, 
(910)
, 
(675)
, 
(990)
, 
(974)
, 
(35)
, 
(677)
, 
(991)
, 
(993)
, 
(521)
, 
(558)
, 
(189)
, 
(321)
, 
(566)
, 
(180)
, 
(207)
, 
(542)
, 
(502)
, 
(156)
, 
(22)
, 
(406)
, 
(26)
, 
(951)
, 
(511)
, 
(686)
, 
(599)
, 
(684)
, 
(847)
, 
(113)
, 
(653)
, 
(887)
, 
(371)
, 
(654)
, 
(598)
, 
(723)
, 
(706)
, 
(670)
, 
(269)
, 
(28)
, 
(931)
, 
(99)
, 
(749)
, 
(460)
, 
(421)
, 
(974)
, 
(891)
, 
(177)
, 
(873)
, 
(778)
, 
(242)
, 
(413)
, 
(919)
, 
(5)
, 
(338)
, 
(454)
, 
(228)
, 
(578)
, 
(885)
, 
(765)
, 
(978)
, 
(984)
, 
(10)
, 
(915)
, 
(474)
, 
(907)
, 
(302)
, 
(426)
, 
(273)
, 
(225)
, 
(875)
, 
(64)
, 
(907)
, 
(163)
, 
(104)
, 
(664)
, 
(718)
, 
(675)
, 
(231)
, 
(995)
, 
(232)
, 
(595)
, 
(66)
, 
(210)
, 
(547)
, 
(468)
, 
(809)
, 
(349)
, 
(591)
, 
(585)
, 
(106)
, 
(953)
, 
(64)
, 
(274)
, 
(106)
, 
(19)
, 
(135)
, 
(668)
, 
(374)
, 
(892)
, 
(20)
, 
(995)
, 
(789)
, 
(625)
, 
(83)
, 
(858)
, 
(685)
, 
(525)
, 
(323)
, 
(238)
, 
(633)
, 
(672)
, 
(728)
, 
(51)
, 
(102)
, 
(76)
, 
(357)
, 
(752)
, 
(385)
, 
(27)
, 
(307)
, 
(290)
, 
(479)
, 
(842)
, 
(469)
, 
(268)
, 
(799)
, 
(439)
, 
(517)
, 
(145)
, 
(40)
, 
(516)
, 
(616)
, 
(732)
, 
(755)
, 
(630)
, 
(935)
, 
(200)
, 
(199)
, 
(283)
, 
(395)
, 
(927)
, 
(117)
, 
(983)
, 
(394)
, 
(720)
, 
(979)
, 
(459)
, 
(200)
, 
(138)
, 
(886)
, 
(449)
, 
(613)
, 
(566)
, 
(474)
, 
(163)
, 
(534)
, 
(604)
, 
(929)
, 
(156)
, 
(20)
, 
(72)
, 
(188)
, 
(641)
, 
(901)
, 
(599)
, 
(649)
, 
(121)
, 
(677)
, 
(329)
, 
(580)
, 
(805)
, 
(21)
, 
(529)
, 
(492)
, 
(751)
, 
(166)
, 
(693)
, 
(869)
, 
(722)
, 
(337)
, 
(614)
, 
(759)
, 
(180)
, 
(261)
, 
(11)
, 
(364)
, 
(245)
, 
(268)
, 
(58)
, 
(470)
, 
(198)
, 
(18)
, 
(929)
, 
(54)
, 
(502)
, 
(756)
, 
(605)
, 
(859)
, 
(959)
, 
(175)
, 
(991)
, 
(763)
, 
(716)
, 
(964)
, 
(391)
, 
(656)
, 
(820)
, 
(597)
, 
(819)
, 
(774)
, 
(109)
, 
(923)
, 
(804)
, 
(847)
, 
(984)
, 
(640)
, 
(132)
, 
(81)
, 
(37)
, 
(429)
, 
(266)
, 
(113)
, 
(123)
, 
(164)
, 
(591)
, 
(725)
, 
(3)
, 
(314)
, 
(334)
, 
(62)
, 
(646)
, 
(159)
, 
(194)
, 
(895)
, 
(664)
, 
(225)
, 
(967)
, 
(480)
, 
(555)
, 
(553)
, 
(243)
, 
(449)
, 
(177)
, 
(751)
, 
(274)
, 
(572)
, 
(629)
, 
(489)
, 
(178)
, 
(513)
, 
(275)
, 
(478)
, 
(281)
, 
(42)
, 
(959)
, 
(444)
, 
(279)
, 
(512)
, 
(959)
, 
(960)
, 
(215)
, 
(305)
, 
(803)
, 
(468)
, 
(103)
, 
(671)
, 
(759)
, 
(936)
, 
(54)
, 
(263)
, 
(346)
, 
(74)
, 
(876)
, 
(54)
, 
(842)
, 
(696)
, 
(451)
, 
(952)
, 
(595)
, 
(769)
, 
(279)
, 
(812)
, 
(423)
, 
(416)
, 
(76)
, 
(421)
, 
(468)
, 
(689)
, 
(325)
, 
(684)
, 
(167)
, 
(675)
, 
(369)
, 
(669)
, 
(836)
, 
(420)
, 
(253)
, 
(43)
, 
(281)
, 
(797)
, 
(220)
, 
(252)
, 
(546)
, 
(955)
, 
(272)
, 
(435)
, 
(376)
, 
(652)
, 
(136)
, 
(66)
, 
(204)
, 
(536)
, 
(683)
, 
(40)
, 
(622)
, 
(152)
, 
(434)
, 
(348)
, 
(702)
, 
(846)
, 
(187)
, 
(669)
, 
(769)
, 
(949)
, 
(695)
, 
(606)
, 
(551)
, 
(144)
, 
(318)
, 
(85)
, 
(53)
, 
(687)
, 
(357)
, 
(586)
, 
(421)
, 
(328)
, 
(533)
, 
(68)
, 
(263)
, 
(84)
, 
(231)
, 
(124)
, 
(310)
, 
(706)
, 
(355)
, 
(543)
, 
(850)
, 
(671)
, 
(588)
, 
(142)
, 
(689)
, 
(747)
, 
(482)
, 
(783)
, 
(345)
, 
(415)
, 
(888)
, 
(573)
, 
(783)
, 
(986)
, 
(656)
, 
(177)
, 
(746)
, 
(248)
, 
(328)
, 
(351)
, 
(9)
, 
(414)
, 
(248)
, 
(247)
, 
(763)
, 
(805)
, 
(584)
, 
(329)
, 
(912)
, 
(894)
, 
(424)
, 
(432)
, 
(198)
, 
(934)
, 
(657)
, 
(941)
, 
(41)
, 
(716)
, 
(393)
, 
(389)
, 
(635)
, 
(875)
, 
(215)
, 
(541)
, 
(597)
, 
(368)
, 
(754)
, 
(886)
, 
(954)
, 
(610)
, 
(380)
, 
(632)
, 
(208)
, 
(201)
, 
(116)
, 
(181)
, 
(112)
, 
(130)
, 
(712)
, 
(847)
, 
(168)
, 
(357)
, 
(14)
, 
(819)
, 
(107)
, 
(108)
, 
(861)
, 
(533)
, 
(931)
, 
(59)
, 
(309)
, 
(64)
, 
(183)
, 
(800)
, 
(104)
, 
(535)
, 
(656)
, 
(415)
, 
(850)
, 
(368)
, 
(942)
, 
(742)
, 
(681)
, 
(122)
, 
(645)
, 
(371)
, 
(473)
, 
(960)
, 
(816)
, 
(179)
, 
(440)
, 
(61)
, 
(546)
, 
(259)
, 
(636)
, 
(818)
, 
(351)
, 
(971)
, 
(579)
, 
(911)
, 
(705)
, 
(819)
, 
(316)
, 
(434)
, 
(216)
, 
(690)
, 
(147)
, 
(382)
, 
(669)
, 
(301)
, 
(238)
, 
(596)
, 
(776)
, 
(505)
, 
(484)
, 
(476)
, 
(800)
, 
(28)
, 
(249)
, 
(710)
, 
(778)
, 
(229)
, 
(297)
, 
(788)
, 
(164)
, 
(556)
, 
(700)
, 
(273)
, 
(419)
, 
(190)
, 
(754)
, 
(201)
, 
(842)
, 
(713)
, 
(142)
, 
(139)
, 
(748)
, 
(596)
, 
(999)
, 
(24)
, 
(752)
, 
(422)
, 
(542)
, 
(285)
, 
(864)
, 
(618)
, 
(572)
, 
(152)
, 
(268)
, 
(191)
, 
(160)
, 
(99)
, 
(494)
, 
(636)
, 
(178)
, 
(822)
, 
(99)
, 
(466)
, 
(765)
, 
(188)
, 
(507)
, 
(887)
, 
(205)
, 
(759)
, 
(368)
, 
(842)
, 
(416)
, 
(795)
, 
(360)
, 
(528)
, 
(897)
, 
(994)
, 
(242)
, 
(877)
, 
(465)
, 
(401)
, 
(225)
, 
(211)
, 
(724)
, 
(407)
, 
(513)
, 
(358)
, 
(176)
, 
(130)
, 
(811)
, 
(716)
, 
(645)
, 
(967)
, 
(134)
, 
(567)
, 
(987)
, 
(905)
, 
(834)
, 
(388)
, 
(313)
, 
(110)
, 
(529)
, 
(619)
, 
(973)
, 
(186)
, 
(489)
, 
(393)
, 
(26)
, 
(702)
, 
(112)
, 
(719)
, 
(169)
, 
(684)
, 
(873)
, 
(949)
, 
(733)
, 
(203)
, 
(894)
, 
(33)
, 
(774)
, 
(131)
, 
(59)
, 
(158)
, 
(7)
, 
(395)
, 
(33)
, 
(191)
, 
(727)
, 
(567)
, 
(922)
, 
(434)
, 
(477)
, 
(454)
, 
(710)
, 
(475)
, 
(328)
, 
(982)
, 
(908)
, 
(391)
, 
(700)
, 
(10)
, 
(233)
, 
(396)
, 
(991)
, 
(723)
, 
(627)
, 
(822)
, 
(155)
, 
(281)
, 
(863)
, 
(495)
, 
(309)
, 
(308)
, 
(573)
, 
(887)
, 
(898)
, 
(27)
, 
(557)
, 
(416)
, 
(506)
, 
(988)
, 
(682)
, 
(759)
, 
(492)
, 
(544)
, 
(36)
, 
(926)
, 
(683)
, 
(572)
, 
(569)
, 
(488)
, 
(315)
, 
(107)
, 
(838)
, 
(121)
, 
(157)
, 
(100)
, 
(309)
, 
(523)
, 
(994)
, 
(175)
, 
(41)
, 
(646)
, 
(683)
, 
(701)
, 
(573)
, 
(420)
, 
(931)
, 
(367)
, 
(894)
, 
(622)
, 
(710)
, 
(688)
, 
(162)
, 
(650)
, 
(671)
, 
(601)
, 
(63)
, 
(706)
, 
(870)
, 
(9)
, 
(892)
, 
(161)
, 
(671)
, 
(617)
, 
(386)
, 
(8)
, 
(945)
, 
(818)
, 
(370)
, 
(775)
, 
(792)
, 
(738)
, 
(440)
, 
(378)
, 
(279)
, 
(562)
, 
(755)
, 
(624)
, 
(621)
, 
(31)
, 
(890)
, 
(812)
, 
(901)
, 
(145)
, 
(212)
, 
(116)
, 
(326)
, 
(461)
, 
(745)
, 
(247)
, 
(530)
, 
(244)
, 
(236)
, 
(261)
, 
(344)
, 
(890)
, 
(661)
, 
(419)
, 
(193)
, 
(980)
, 
(42)
, 
(431)
, 
(59)
, 
(207)
, 
(800)
, 
(954)
, 
(48)
, 
(155)
, 
(197)
, 
(122)
, 
(752)
, 
(289)
, 
(582)
, 
(818)
, 
(569)
, 
(126)
, 
(100)
, 
(776)
, 
(677)
, 
(85)
, 
(829)
, 
(34)
, 
(686)
, 
(160)
, 
(234)
, 
(872)
, 
(426)
, 
(864)
, 
(243)
, 
(781)
, 
(182)
, 
(158)
, 
(581)
, 
(86)
, 
(68)
, 
(728)
, 
(302)
, 
(307)
, 
(51)
, 
(901)
, 
(32)
, 
(307)
, 
(836)
, 
(315)
, 
(436)
, 
(624)
, 
(842)
, 
(521)
, 
(213)
, 
(715)
, 
(982)
, 
(391)
, 
(896)
, 
(61)
, 
(5)
, 
(954)
, 
(164)
, 
(559)
, 
(388)
, 
(13)
, 
(310)
, 
(4)
, 
(999)
, 
(360)
, 
(232)
, 
(429)
, 
(302)
, 
(460)
, 
(876)
, 
(211)
, 
(223)
, 
(226)
, 
(13)
, 
(209)
, 
(149)
, 
(389)
, 
(283)
, 
(402)
, 
(68)
, 
(800)
, 
(183)
, 
(713)
, 
(399)
, 
(290)
, 
(468)
, 
(540)
, 
(387)
, 
(430)
, 
(166)
, 
(222)
, 
(719)
, 
(393)
, 
(875)
, 
(694)
, 
(759)
, 
(407)
, 
(853)
, 
(142)
, 
(155)
, 
(784)
, 
(126)
, 
(175)
, 
(559)
, 
(874)
, 
(633)
, 
(895)
, 
(571)
, 
(233)
, 
(919)
, 
(848)
, 
(859)
, 
(704)
, 
(932)
, 
(255)
, 
(942)
, 
(668)
, 
(326)
, 
(771)
, 
(524)
, 
(263)
, 
(42)
, 
(686)
, 
(368)
, 
(3)
, 
(327)
, 
(548)
, 
(587)
, 
(150)
, 
(451)
, 
(578)
, 
(717)
, 
(319)
, 
(480)
, 
(52)
, 
(325)
, 
(697)
, 
(384)
, 
(364)
, 
(613)
, 
(724)
, 
(793)
, 
(72)
, 
(364)
, 
(709)
, 
(54)
, 
(80)
, 
(837)
, 
(824)
, 
(687)
, 
(158)
, 
(467)
, 
(823)
, 
(77)
, 
(723)
, 
(931)
, 
(220)
, 
(354)
, 
(309)
, 
(273)
, 
(74)
, 
(369)
, 
(596)
, 
(184)
, 
(958)
, 
(447)
, 
(272)
, 
(840)
, 
(880)
, 
(775)
, 
(651)
, 
(447)
, 
(444)
, 
(762)
, 
(839)
, 
(102)
, 
(806)
, 
(556)
, 
(455)
, 
(186)
, 
(450)
, 
(632)
, 
(18)
, 
(304)
, 
(644)
, 
(308)
, 
(615)
, 
(800)
, 
(694)
, 
(1000)
, 
(193)
, 
(368)
, 
(546)
, 
(526)
, 
(144)
, 
(834)
, 
(632)
, 
(465)
, 
(469)
, 
(727)
, 
(608)
, 
(553)
, 
(185)
, 
(964)
, 
(447)
, 
(744)
, 
(215)
, 
(129)
, 
(863)
, 
(401)
, 
(126)
, 
(13)
, 
(790)
, 
(671)
, 
(521)
, 
(591)
, 
(346)
, 
(849)
, 
(651)
, 
(947)
, 
(809)
, 
(930)
, 
(50)
, 
(999)
, 
(957)
, 
(435)
, 
(857)
, 
(958)
, 
(944)
, 
(893)
, 
(348)
, 
(227)
, 
(521)
, 
(494)
, 
(615)
, 
(548)
, 
(706)
, 
(727)
, 
(447)
, 
(237)
, 
(369)
, 
(303)
, 
(67)
, 
(13)
, 
(582)
, 
(945)
, 
(404)
, 
(359)
, 
(349)
, 
(706)
, 
(151)
, 
(512)
, 
(403)
, 
(778)
, 
(372)
, 
(875)
, 
(34)
, 
(115)
, 
(108)
, 
(854)
, 
(741)
, 
(848)
, 
(875)
, 
(245)
, 
(418)
, 
(201)
, 
(426)
, 
(2)
, 
(449)
, 
(668)
, 
(67)
, 
(336)
, 
(921)
, 
(7)
, 
(11)
, 
(282)
, 
(119)
, 
(82)
, 
(209)
, 
(563)
, 
(278)
, 
(518)
, 
(894)
, 
(982)
, 
(648)
, 
(373)
, 
(248)
, 
(161)
, 
(248)
, 
(371)
, 
(969)
, 
(830)
, 
(741)
, 
(888)
, 
(279)
, 
(999)
, 
(890)
, 
(579)
, 
(179)
, 
(336)
, 
(85)
, 
(899)
, 
(398)
, 
(328)
, 
(982)
, 
(891)
, 
(316)
, 
(102)
, 
(557)
, 
(811)
, 
(605)
, 
(341)
, 
(457)
, 
(259)
, 
(876)
, 
(328)
, 
(672)
, 
(879)
, 
(365)
, 
(285)
, 
(285)
, 
(554)
, 
(251)
, 
(147)
, 
(667)
, 
(140)
, 
(567)
, 
(169)
, 
(207)
, 
(841)
, 
(667)
, 
(994)
, 
(887)
, 
(109)
, 
(154)
, 
(869)
, 
(135)
, 
(570)
, 
(609)
, 
(388)
, 
(951)
, 
(363)
, 
(152)
, 
(1000)
, 
(714)
, 
(662)
, 
(433)
, 
(11)
, 
(755)
, 
(644)
, 
(472)
, 
(974)
, 
(194)
, 
(294)
, 
(977)
, 
(224)
, 
(435)
, 
(242)
, 
(62)
, 
(500)
, 
(717)
, 
(187)
, 
(728)
, 
(946)
, 
(568)
, 
(957)
, 
(44)
, 
(866)
, 
(344)
, 
(437)
, 
(393)
, 
(282)
, 
(278)
, 
(765)
, 
(267)
, 
(108)
, 
(920)
, 
(13)
, 
(956)
, 
(88)
, 
(172)
, 
(748)
, 
(636)
, 
(693)
, 
(161)
, 
(898)
, 
(947)
, 
(906)
, 
(360)
, 
(591)
, 
(423)
, 
(891)
, 
(721)
, 
(207)
, 
(668)
, 
(110)
, 
(540)
, 
(166)
, 
(331)
, 
(918)
, 
(354)
, 
(905)
, 
(460)
, 
(270)
, 
(17)
, 
(897)
, 
(490)
, 
(234)
, 
(224)
, 
(298)
, 
(404)
, 
(35)
, 
(31)
, 
(944)
, 
(846)
, 
(260)
, 
(219)
, 
(893)
, 
(206)
, 
(794)
, 
(272)
, 
(763)
, 
(797)
, 
(521)
, 
(45)
, 
(438)
, 
(801)
, 
(668)
, 
(620)
, 
(931)
, 
(236)
, 
(283)
, 
(115)
, 
(722)
, 
(649)
, 
(398)
, 
(308)
, 
(705)
, 
(528)
, 
(170)
, 
(339)
, 
(847)
, 
(970)
, 
(962)
, 
(827)
, 
(335)
, 
(627)
, 
(777)
, 
(731)
, 
(24)
, 
(186)
, 
(498)
, 
(902)
, 
(256)
, 
(477)
, 
(899)
, 
(313)
, 
(993)
, 
(621)
, 
(204)
, 
(609)
, 
(408)
, 
(471)
, 
(452)
, 
(936)
, 
(396)
, 
(763)
, 
(900)
, 
(719)
, 
(199)
, 
(410)
, 
(650)
, 
(734)
, 
(379)
, 
(475)
, 
(331)
, 
(877)
, 
(565)
, 
(122)
, 
(443)
, 
(627)
, 
(54)
, 
(189)
, 
(722)
, 
(454)
, 
(500)
, 
(81)
, 
(722)
, 
(301)
, 
(471)
, 
(34)
, 
(687)
, 
(135)
, 
(841)
, 
(862)
, 
(438)
, 
(118)
, 
(354)
, 
(654)
, 
(571)
, 
(358)
, 
(53)
, 
(772)
, 
(320)
, 
(59)
, 
(355)
, 
(993)
, 
(811)
, 
(769)
, 
(78)
, 
(687)
, 
(886)
, 
(482)
, 
(970)
, 
(98)
, 
(27)
, 
(396)
, 
(70)
, 
(926)
, 
(723)
, 
(611)
, 
(568)
, 
(165)
, 
(626)
, 
(326)
, 
(7)
, 
(337)
, 
(786)
, 
(232)
, 
(704)
, 
(710)
, 
(508)
, 
(72)
, 
(239)
, 
(804)
, 
(350)
, 
(491)
, 
(178)
, 
(995)
, 
(542)
, 
(466)
, 
(338)
, 
(272)
, 
(344)
, 
(175)
, 
(429)
, 
(729)
, 
(112)
, 
(746)
, 
(757)
, 
(980)
, 
(200)
, 
(794)
, 
(764)
, 
(724)
, 
(254)
, 
(473)
, 
(413)
, 
(500)
, 
(11)
, 
(754)
, 
(772)
, 
(650)
, 
(612)
, 
(410)
, 
(68)
, 
(912)
, 
(978)
, 
(920)
, 
(288)
, 
(538)
, 
(657)
, 
(754)
, 
(732)
, 
(978)
, 
(1)
, 
(785)
, 
(976)
, 
(957)
, 
(756)
, 
(907)
, 
(907)
, 
(705)
, 
(557)
, 
(497)
, 
(888)
, 
(118)
, 
(781)
, 
(438)
, 
(794)
, 
(242)
, 
(575)
, 
(124)
, 
(287)
, 
(793)
, 
(591)
, 
(613)
, 
(159)
, 
(218)
, 
(61)
, 
(647)
, 
(537)
, 
(937)
, 
(309)
, 
(430)
, 
(510)
, 
(733)
, 
(730)
, 
(776)
, 
(350)
, 
(771)
, 
(196)
, 
(589)
, 
(619)
, 
(624)
, 
(294)
, 
(631)
, 
(56)
, 
(842)
, 
(509)
, 
(420)
, 
(472)
, 
(894)
, 
(399)
, 
(755)
, 
(64)
, 
(244)
, 
(904)
, 
(839)
, 
(131)
, 
(351)
, 
(632)
, 
(113)
, 
(486)
, 
(107)
, 
(70)
, 
(813)
, 
(783)
, 
(304)
, 
(785)
, 
(232)
, 
(80)
, 
(848)
, 
(659)
, 
(386)
, 
(920)
, 
(288)
, 
(279)
, 
(347)
, 
(529)
, 
(794)
, 
(362)
, 
(968)
, 
(839)
, 
(265)
, 
(968)
, 
(628)
, 
(914)
, 
(991)
, 
(859)
, 
(993)
, 
(611)
, 
(653)
, 
(971)
, 
(721)
, 
(845)
, 
(816)
, 
(613)
, 
(302)
, 
(926)
, 
(310)
, 
(813)
, 
(585)
, 
(19)
, 
(963)
, 
(122)
, 
(261)
, 
(202)
, 
(159)
, 
(491)
, 
(936)
, 
(326)
, 
(753)
, 
(926)
, 
(598)
, 
(111)
, 
(497)
, 
(437)
, 
(887)
, 
(894)
, 
(697)
, 
(377)
, 
(427)
, 
(492)
, 
(829)
, 
(176)
, 
(419)
, 
(54)
, 
(386)
, 
(960)
, 
(552)
, 
(399)
, 
(408)
, 
(783)
, 
(434)
, 
(760)
, 
(15)
, 
(521)
, 
(477)
, 
(504)
, 
(585)
, 
(462)
, 
(958)
, 
(223)
, 
(422)
, 
(685)
, 
(203)
, 
(127)
, 
(75)
, 
(505)
, 
(963)
, 
(782)
, 
(322)
, 
(372)
, 
(573)
, 
(494)
, 
(751)
, 
(544)
, 
(811)
, 
(231)
, 
(185)
, 
(276)
, 
(260)
, 
(128)
, 
(637)
, 
(775)
, 
(437)
, 
(848)
, 
(795)
, 
(626)
, 
(214)
, 
(260)
, 
(153)
, 
(349)
, 
(133)
, 
(772)
, 
(552)
, 
(763)
, 
(251)
, 
(957)
, 
(615)
, 
(774)
, 
(390)
, 
(433)
, 
(545)
, 
(143)
, 
(991)
, 
(614)
, 
(816)
, 
(384)
, 
(315)
, 
(793)
, 
(26)
, 
(496)
, 
(17)
, 
(528)
, 
(930)
, 
(147)
, 
(632)
, 
(296)
, 
(309)
, 
(597)
, 
(433)
, 
(562)
, 
(494)
, 
(35)
, 
(221)
, 
(65)
, 
(523)
, 
(7)
, 
(191)
, 
(440)
, 
(860)
, 
(576)
, 
(904)
, 
(114)
, 
(710)
, 
(345)
, 
(326)
, 
(192)
, 
(177)
, 
(488)
, 
(979)
, 
(154)
, 
(286)
, 
(992)
, 
(545)
, 
(2)
, 
(761)
, 
(31)
, 
(269)
, 
(418)
, 
(783)
, 
(301)
, 
(588)
, 
(778)
, 
(189)
, 
(781)
, 
(209)
, 
(834)
, 
(658)
, 
(771)
, 
(185)
, 
(198)
, 
(179)
, 
(999)
, 
(259)
, 
(459)
, 
(301)
, 
(746)
, 
(610)
, 
(521)
, 
(329)
, 
(158)
, 
(796)
, 
(932)
, 
(543)
, 
(421)
, 
(467)
, 
(993)
, 
(448)
, 
(199)
, 
(487)
, 
(496)
, 
(512)
, 
(582)
, 
(657)
, 
(109)
, 
(95)
, 
(545)
, 
(369)
, 
(329)
, 
(511)
, 
(975)
, 
(938)
, 
(836)
, 
(601)
, 
(382)
, 
(169)
, 
(853)
, 
(242)
, 
(713)
, 
(506)
, 
(699)
, 
(653)
, 
(108)
, 
(176)
, 
(93)
, 
(819)
, 
(829)
, 
(854)
, 
(522)
, 
(427)
, 
(276)
, 
(259)
, 
(67)
, 
(347)
, 
(86)
, 
(618)
, 
(86)
, 
(75)
, 
(942)
, 
(724)
, 
(173)
, 
(258)
, 
(551)
, 
(199)
, 
(963)
, 
(454)
, 
(669)
, 
(490)
, 
(977)
, 
(310)
, 
(390)
, 
(391)
, 
(728)
, 
(183)
, 
(352)
, 
(624)
, 
(244)
, 
(636)
, 
(691)
, 
(455)
, 
(696)
, 
(951)
, 
(338)
, 
(348)
, 
(944)
, 
(389)
, 
(1)
, 
(187)
, 
(622)
, 
(139)
, 
(524)
, 
(672)
, 
(320)
, 
(333)
, 
(992)
, 
(675)
, 
(527)
, 
(32)
, 
(471)
, 
(556)
, 
(951)
, 
(429)
, 
(178)
, 
(108)
, 
(776)
, 
(24)
, 
(838)
, 
(881)
, 
(278)
, 
(476)
, 
(505)
, 
(512)
, 
(382)
, 
(561)
, 
(12)
, 
(937)
, 
(700)
, 
(937)
, 
(56)
, 
(757)
, 
(640)
, 
(410)
, 
(835)
, 
(620)
, 
(563)
, 
(257)
, 
(390)
, 
(867)
, 
(170)
, 
(901)
, 
(78)
, 
(90)
, 
(163)
, 
(84)
, 
(150)
, 
(698)
, 
(625)
, 
(402)
, 
(520)
, 
(447)
, 
(69)
, 
(783)
, 
(797)
, 
(993)
, 
(453)
, 
(562)
, 
(640)
, 
(185)
, 
(722)
, 
(226)
, 
(642)
, 
(916)
, 
(313)
, 
(68)
, 
(976)
, 
(351)
, 
(484)
, 
(608)
, 
(986)
, 
(558)
, 
(672)
, 
(900)
, 
(257)
, 
(289)
, 
(653)
, 
(710)
, 
(189)
, 
(293)
, 
(536)
, 
(625)
, 
(634)
, 
(320)
, 
(280)
, 
(886)
, 
(188)
, 
(431)
, 
(884)
, 
(199)
, 
(19)
, 
(223)
, 
(140)
, 
(311)
, 
(174)
, 
(50)
, 
(685)
, 
(16)
, 
(347)
, 
(794)
, 
(959)
, 
(453)
, 
(419)
, 
(386)
, 
(333)
, 
(818)
, 
(136)
, 
(371)
, 
(659)
, 
(528)
, 
(160)
, 
(5)
, 
(106)
, 
(712)
, 
(670)
, 
(149)
, 
(559)
, 
(682)
, 
(905)
, 
(781)
, 
(102)
, 
(645)
, 
(296)
, 
(93)
, 
(618)
, 
(697)
, 
(14)
, 
(235)
, 
(833)
, 
(15)
, 
(53)
, 
(817)
, 
(588)
, 
(794)
, 
(885)
, 
(3)
, 
(496)
, 
(188)
, 
(137)
, 
(769)
, 
(74)
, 
(100)
, 
(196)
, 
(159)
, 
(9)
, 
(441)
, 
(11)
, 
(369)
, 
(532)
, 
(295)
, 
(484)
, 
(393)
, 
(76)
, 
(678)
, 
(799)
, 
(843)
, 
(731)
, 
(521)
, 
(607)
, 
(864)
, 
(180)
, 
(620)
, 
(963)
, 
(675)
, 
(896)
, 
(429)
, 
(594)
, 
(278)
, 
(322)
, 
(626)
, 
(628)
, 
(487)
, 
(557)
, 
(578)
, 
(851)
, 
(48)
, 
(701)
, 
(686)
, 
(682)
, 
(137)
, 
(123)
, 
(880)
, 
(428)
, 
(160)
, 
(590)
, 
(101)
, 
(373)
, 
(118)
, 
(281)
, 
(120)
, 
(20)
, 
(174)
, 
(826)
, 
(923)
, 
(756)
, 
(540)
, 
(296)
, 
(556)
, 
(492)
, 
(877)
, 
(957)
, 
(351)
, 
(1000)
, 
(105)
, 
(154)
, 
(364)
, 
(125)
, 
(257)
, 
(451)
, 
(211)
, 
(56)
, 
(269)
, 
(120)
, 
(375)
, 
(491)
, 
(501)
, 
(893)
, 
(347)
, 
(324)
, 
(820)
, 
(948)
, 
(480)
, 
(259)
, 
(865)
, 
(112)
, 
(758)
, 
(786)
, 
(683)
, 
(899)
, 
(566)
, 
(168)
, 
(180)
, 
(222)
, 
(646)
, 
(562)
, 
(386)
, 
(516)
, 
(543)
, 
(964)
, 
(653)
, 
(86)
, 
(754)
, 
(985)
, 
(276)
, 
(701)
, 
(942)
, 
(708)
, 
(893)
, 
(312)
, 
(635)
, 
(407)
, 
(838)
, 
(926)
, 
(757)
, 
(149)
, 
(352)
, 
(390)
, 
(183)
, 
(702)
, 
(960)
, 
(487)
, 
(796)
, 
(415)
, 
(856)
, 
(1)
, 
(65)
, 
(752)
, 
(51)
, 
(413)
, 
(584)
, 
(984)
, 
(717)
, 
(497)
, 
(841)
, 
(883)
, 
(960)
, 
(34)
, 
(477)
, 
(855)
, 
(435)
, 
(372)
, 
(610)
, 
(313)
, 
(854)
, 
(733)
, 
(957)
, 
(141)
, 
(328)
, 
(742)
, 
(913)
, 
(754)
, 
(76)
, 
(556)
, 
(116)
, 
(916)
, 
(80)
, 
(590)
, 
(533)
, 
(502)
, 
(125)
, 
(579)
, 
(409)
, 
(512)
, 
(859)
, 
(47)
, 
(263)
, 
(675)
, 
(611)
, 
(411)
, 
(627)
, 
(264)
, 
(407)
, 
(336)
, 
(792)
, 
(169)
, 
(861)
, 
(450)
, 
(819)
, 
(282)
, 
(480)
, 
(724)
, 
(396)
, 
(851)
, 
(678)
, 
(83)
, 
(772)
, 
(587)
, 
(309)
, 
(721)
, 
(704)
, 
(70)
, 
(686)
, 
(929)
, 
(168)
, 
(533)
, 
(25)
, 
(758)
, 
(808)
, 
(1)
, 
(239)
, 
(690)
, 
(95)
, 
(671)
, 
(293)
, 
(567)
, 
(515)
, 
(268)
, 
(701)
, 
(318)
, 
(899)
, 
(406)
, 
(991)
, 
(3)
, 
(111)
, 
(908)
, 
(608)
, 
(768)
, 
(101)
, 
(375)
, 
(659)
, 
(635)
, 
(433)
, 
(950)
, 
(725)
, 
(460)
, 
(101)
, 
(460)
, 
(74)
, 
(978)
, 
(74)
, 
(896)
, 
(783)
, 
(556)
, 
(20)
, 
(11)
, 
(488)
, 
(825)
, 
(272)
, 
(120)
, 
(163)
, 
(932)
, 
(438)
, 
(677)
, 
(180)
, 
(194)
, 
(951)
, 
(64)
, 
(730)
, 
(271)
, 
(981)
, 
(288)
, 
(544)
, 
(1000)
, 
(503)
, 
(828)
, 
(58)
, 
(437)
, 
(711)
, 
(207)
, 
(14)
, 
(64)
, 
(693)
, 
(359)
, 
(273)
, 
(598)
, 
(920)
, 
(810)
, 
(510)
, 
(844)
, 
(844)
, 
(344)
, 
(922)
, 
(190)
, 
(879)
, 
(324)
, 
(816)
, 
(976)
, 
(648)
, 
(923)
, 
(924)
, 
(692)
, 
(706)
, 
(629)
, 
(341)
, 
(992)
, 
(143)
, 
(295)
, 
(906)
, 
(357)
, 
(368)
, 
(157)
, 
(451)
, 
(353)
, 
(182)
, 
(522)
, 
(79)
, 
(271)
, 
(907)
, 
(623)
, 
(597)
, 
(62)
, 
(560)
, 
(720)
, 
(622)
, 
(402)
, 
(585)
, 
(847)
, 
(626)
, 
(837)
, 
(676)
, 
(538)
, 
(685)
, 
(909)
, 
(542)
, 
(72)
, 
(104)
, 
(157)
, 
(649)
, 
(6)
, 
(605)
, 
(158)
, 
(188)
, 
(651)
, 
(165)
, 
(600)
, 
(210)
, 
(92)
, 
(80)
, 
(563)
, 
(530)
, 
(405)
, 
(580)
, 
(350)
, 
(423)
, 
(283)
, 
(84)
, 
(253)
, 
(259)
, 
(252)
, 
(843)
, 
(828)
, 
(147)
, 
(396)
, 
(583)
, 
(851)
, 
(754)
, 
(115)
, 
(786)
, 
(246)
, 
(939)
, 
(702)
, 
(179)
, 
(769)
, 
(816)
, 
(616)
, 
(717)
, 
(698)
, 
(84)
, 
(421)
, 
(575)
, 
(780)
, 
(247)
, 
(895)
, 
(707)
, 
(73)
, 
(273)
, 
(796)
, 
(276)
, 
(342)
, 
(845)
, 
(976)
, 
(22)
, 
(417)
, 
(120)
, 
(479)
, 
(202)
, 
(350)
, 
(207)
, 
(453)
, 
(268)
, 
(261)
, 
(336)
, 
(654)
, 
(762)
, 
(634)
, 
(528)
, 
(459)
, 
(808)
, 
(755)
, 
(661)
, 
(948)
, 
(727)
, 
(788)
, 
(606)
, 
(501)
, 
(490)
, 
(309)
, 
(298)
, 
(733)
, 
(576)
, 
(6)
, 
(285)
, 
(250)
, 
(619)
, 
(265)
, 
(297)
, 
(940)
, 
(842)
, 
(913)
, 
(124)
, 
(784)
, 
(664)
, 
(703)
, 
(990)
, 
(215)
, 
(325)
, 
(371)
, 
(533)
, 
(866)
, 
(933)
, 
(386)
, 
(170)
, 
(430)
, 
(950)
, 
(211)
, 
(622)
, 
(984)
, 
(15)
, 
(916)
, 
(279)
, 
(383)
, 
(753)
, 
(716)
, 
(827)
, 
(804)
, 
(63)
, 
(987)
, 
(351)
, 
(554)
, 
(852)
, 
(299)
, 
(982)
, 
(551)
, 
(911)
, 
(823)
, 
(266)
, 
(926)
, 
(177)
, 
(360)
, 
(291)
, 
(485)
, 
(185)
, 
(221)
, 
(487)
, 
(77)
, 
(107)
, 
(79)
, 
(216)
, 
(311)
, 
(92)
, 
(853)
, 
(590)
, 
(560)
, 
(963)
, 
(966)
, 
(776)
, 
(934)
, 
(907)
, 
(579)
, 
(930)
, 
(907)
, 
(490)
, 
(701)
, 
(495)
, 
(454)
, 
(500)
, 
(23)
, 
(826)
, 
(6)
, 
(210)
, 
(878)
, 
(544)
, 
(758)
, 
(330)
, 
(762)
, 
(16)
, 
(614)
, 
(590)
, 
(487)
, 
(969)
, 
(862)
, 
(894)
, 
(389)
, 
(977)
, 
(653)
, 
(960)
, 
(411)
, 
(888)
, 
(708)
, 
(241)
, 
(224)
, 
(82)
, 
(548)
, 
(158)
, 
(207)
, 
(901)
, 
(997)
, 
(925)
, 
(991)
, 
(41)
, 
(956)
, 
(213)
, 
(555)
, 
(203)
, 
(398)
, 
(79)
, 
(468)
, 
(578)
, 
(748)
, 
(398)
, 
(280)
, 
(167)
, 
(750)
, 
(350)
, 
(700)
, 
(221)
, 
(77)
, 
(289)
, 
(959)
, 
(717)
, 
(509)
, 
(554)
, 
(755)
, 
(139)
, 
(222)
, 
(186)
, 
(444)
, 
(240)
, 
(831)
, 
(351)
, 
(922)
, 
(5)
, 
(465)
, 
(862)
, 
(669)
, 
(370)
, 
(392)
, 
(285)
, 
(357)
, 
(6)
, 
(848)
, 
(716)
, 
(766)
, 
(986)
, 
(6)
, 
(219)
, 
(935)
, 
(517)
, 
(573)
, 
(921)
, 
(58)
, 
(277)
, 
(667)
, 
(244)
, 
(295)
, 
(461)
, 
(633)
, 
(592)
, 
(523)
, 
(325)
, 
(1000)
, 
(533)
, 
(824)
, 
(914)
, 
(325)
, 
(214)
, 
(818)
, 
(542)
, 
(969)
, 
(593)
, 
(950)
, 
(961)
, 
(801)
, 
(316)
, 
(445)
, 
(937)
, 
(602)
, 
(253)
, 
(889)
, 
(506)
, 
(330)
, 
(372)
, 
(299)
, 
(666)
, 
(272)
, 
(404)
, 
(965)
, 
(555)
, 
(342)
, 
(530)
, 
(919)
, 
(1)
, 
(912)
, 
(628)
, 
(244)
, 
(697)
, 
(860)
, 
(827)
, 
(234)
, 
(633)
, 
(469)
, 
(277)
, 
(338)
, 
(686)
, 
(930)
, 
(166)
, 
(364)
, 
(70)
, 
(172)
, 
(676)
, 
(263)
, 
(177)
, 
(388)
, 
(942)
, 
(451)
, 
(459)
, 
(173)
, 
(649)
, 
(296)
, 
(911)
, 
(320)
, 
(739)
, 
(550)
, 
(17)
, 
(714)
, 
(537)
, 
(195)
, 
(530)
, 
(725)
, 
(5)
, 
(724)
, 
(506)
, 
(481)
, 
(863)
, 
(719)
, 
(523)
, 
(451)
, 
(483)
, 
(437)
, 
(845)
, 
(30)
, 
(91)
, 
(456)
, 
(260)
, 
(785)
, 
(175)
, 
(981)
, 
(755)
, 
(644)
, 
(694)
, 
(270)
, 
(498)
, 
(977)
, 
(796)
, 
(285)
, 
(653)
, 
(699)
, 
(753)
, 
(230)
, 
(76)
, 
(510)
, 
(118)
, 
(529)
, 
(155)
, 
(912)
, 
(808)
, 
(108)
, 
(748)
, 
(368)
, 
(43)
, 
(295)
, 
(3)
, 
(900)
, 
(809)
, 
(225)
, 
(103)
, 
(638)
, 
(45)
, 
(697)
, 
(829)
, 
(213)
, 
(253)
, 
(214)
, 
(591)
, 
(788)
, 
(151)
, 
(213)
, 
(717)
, 
(426)
, 
(76)
, 
(80)
, 
(185)
, 
(783)
, 
(26)
, 
(402)
, 
(730)
, 
(904)
, 
(344)
, 
(40)
, 
(184)
, 
(619)
, 
(125)
, 
(19)
, 
(699)
, 
(606)
, 
(488)
, 
(843)
, 
(355)
, 
(67)
, 
(478)
, 
(484)
, 
(220)
, 
(935)
, 
(790)
, 
(482)
, 
(811)
, 
(749)
, 
(377)
, 
(226)
, 
(993)
, 
(741)
, 
(398)
, 
(357)
, 
(181)
, 
(928)
, 
(100)
, 
(78)
, 
(945)
, 
(220)
, 
(209)
, 
(734)
, 
(772)
, 
(941)
, 
(838)
, 
(688)
, 
(44)
, 
(764)
, 
(556)
, 
(180)
, 
(212)
, 
(333)
, 
(68)
, 
(699)
, 
(699)
, 
(840)
, 
(664)
, 
(163)
, 
(308)
, 
(938)
, 
(425)
, 
(681)
, 
(753)
, 
(66)
, 
(843)
, 
(882)
, 
(752)
, 
(569)
, 
(875)
, 
(116)
, 
(647)
, 
(346)
, 
(22)
, 
(728)
, 
(330)
, 
(523)
, 
(825)
, 
(678)
, 
(874)
, 
(772)
, 
(486)
, 
(196)
, 
(72)
, 
(932)
, 
(779)
, 
(948)
, 
(365)
, 
(482)
, 
(778)
, 
(209)
, 
(330)
, 
(564)
, 
(650)
, 
(363)
, 
(23)
, 
(921)
, 
(521)
, 
(701)
, 
(554)
, 
(323)
, 
(861)
, 
(801)
, 
(74)
, 
(363)
, 
(43)
, 
(514)
, 
(711)
, 
(796)
, 
(908)
, 
(731)
, 
(426)
, 
(337)
, 
(971)
, 
(940)
, 
(274)
, 
(482)
, 
(117)
, 
(702)
, 
(127)
, 
(813)
, 
(517)
, 
(66)
, 
(900)
, 
(295)
, 
(436)
, 
(90)
, 
(179)
, 
(708)
, 
(199)
, 
(407)
, 
(803)
, 
(276)
, 
(374)
, 
(115)
, 
(315)
, 
(724)
, 
(183)
, 
(180)
, 
(56)
, 
(356)
, 
(58)
, 
(413)
, 
(791)
, 
(49)
, 
(532)
, 
(73)
, 
(388)
, 
(571)
, 
(823)
, 
(739)
, 
(489)
, 
(215)
, 
(878)
, 
(317)
, 
(966)
, 
(340)
, 
(831)
, 
(319)
, 
(497)
, 
(776)
, 
(451)
, 
(551)
, 
(567)
, 
(851)
, 
(846)
, 
(800)
, 
(401)
, 
(655)
, 
(230)
, 
(412)
, 
(578)
, 
(104)
, 
(20)
, 
(405)
, 
(94)
, 
(657)
, 
(586)
, 
(153)
, 
(430)
, 
(694)
, 
(388)
, 
(747)
, 
(762)
, 
(178)
, 
(707)
, 
(603)
, 
(355)
, 
(421)
, 
(427)
, 
(468)
, 
(275)
, 
(359)
, 
(331)
, 
(575)
, 
(112)
, 
(559)
, 
(349)
, 
(505)
, 
(766)
, 
(299)
, 
(785)
, 
(251)
, 
(691)
, 
(767)
, 
(440)
, 
(764)
, 
(341)
, 
(518)
, 
(69)
, 
(900)
, 
(544)
, 
(951)
, 
(394)
, 
(964)
, 
(379)
, 
(445)
, 
(59)
, 
(265)
, 
(210)
, 
(407)
, 
(968)
, 
(701)
, 
(703)
, 
(163)
, 
(312)
, 
(443)
, 
(72)
, 
(398)
, 
(44)
, 
(832)
, 
(270)
, 
(87)
, 
(279)
, 
(79)
, 
(495)
, 
(377)
, 
(431)
, 
(132)
, 
(10)
, 
(899)
, 
(282)
, 
(596)
, 
(761)
, 
(336)
, 
(131)
, 
(738)
, 
(537)
, 
(981)
, 
(774)
, 
(340)
, 
(900)
, 
(800)
, 
(779)
, 
(711)
, 
(583)
, 
(976)
, 
(826)
, 
(525)
, 
(262)
, 
(630)
, 
(216)
, 
(830)
, 
(490)
, 
(646)
, 
(960)
, 
(142)
, 
(101)
, 
(247)
, 
(493)
, 
(8)
, 
(288)
, 
(781)
, 
(97)
, 
(324)
, 
(178)
, 
(84)
, 
(335)
, 
(473)
, 
(462)
, 
(542)
, 
(515)
, 
(346)
, 
(880)
, 
(98)
, 
(905)
, 
(869)
, 
(106)
, 
(14)
, 
(569)
, 
(997)
, 
(936)
, 
(884)
, 
(241)
, 
(94)
, 
(488)
, 
(322)
, 
(385)
, 
(304)
, 
(387)
, 
(118)
, 
(237)
, 
(251)
, 
(532)
, 
(321)
, 
(464)
, 
(286)
, 
(649)
, 
(817)
, 
(594)
, 
(955)
, 
(180)
, 
(658)
, 
(741)
, 
(565)
, 
(633)
, 
(483)
, 
(282)
, 
(7)
, 
(991)
, 
(60)
, 
(914)
, 
(406)
, 
(460)
, 
(998)
, 
(445)
, 
(675)
, 
(27)
, 
(896)
, 
(330)
, 
(872)
, 
(338)
, 
(164)
, 
(335)
, 
(655)
, 
(123)
, 
(426)
, 
(44)
, 
(884)
, 
(934)
, 
(985)
, 
(777)
, 
(533)
, 
(65)
, 
(98)
, 
(909)
, 
(438)
, 
(684)
, 
(959)
, 
(91)
, 
(890)
, 
(475)
, 
(96)
, 
(373)
, 
(165)
, 
(758)
, 
(192)
, 
(727)
, 
(904)
, 
(951)
, 
(811)
, 
(684)
, 
(11)
, 
(133)
, 
(791)
, 
(146)
, 
(637)
, 
(302)
, 
(997)
, 
(544)
, 
(827)
, 
(67)
, 
(522)
, 
(123)
, 
(141)
, 
(767)
, 
(487)
, 
(306)
, 
(441)
, 
(409)
, 
(127)
, 
(466)
, 
(788)
, 
(342)
, 
(928)
, 
(859)
, 
(962)
, 
(393)
, 
(431)
, 
(368)
, 
(264)
, 
(612)
, 
(467)
, 
(880)
, 
(17)
, 
(98)
, 
(202)
, 
(957)
, 
(528)
, 
(88)
, 
(497)
, 
(351)
, 
(730)
, 
(968)
, 
(875)
, 
(650)
, 
(960)
, 
(935)
, 
(115)
, 
(927)
, 
(968)
, 
(162)
, 
(621)
, 
(485)
, 
(635)
, 
(529)
, 
(102)
, 
(718)
, 
(877)
, 
(409)
, 
(49)
, 
(165)
, 
(36)
, 
(59)
, 
(892)
, 
(100)
, 
(202)
, 
(334)
, 
(849)
, 
(229)
, 
(173)
, 
(354)
, 
(873)
, 
(283)
, 
(192)
, 
(877)
, 
(828)
, 
(968)
, 
(849)
, 
(695)
, 
(337)
, 
(752)
, 
(758)
, 
(765)
, 
(732)
, 
(121)
, 
(60)
, 
(851)
, 
(361)
, 
(288)
, 
(431)
, 
(318)
, 
(449)
, 
(129)
, 
(760)
, 
(739)
, 
(728)
, 
(17)
, 
(271)
, 
(636)
, 
(272)
, 
(934)
, 
(702)
, 
(772)
, 
(590)
, 
(911)
, 
(392)
, 
(342)
, 
(608)
, 
(683)
, 
(564)
, 
(663)
, 
(926)
, 
(617)
, 
(814)
, 
(605)
, 
(125)
, 
(724)
, 
(100)
, 
(952)
, 
(491)
, 
(548)
, 
(217)
, 
(340)
, 
(681)
, 
(646)
, 
(496)
, 
(901)
, 
(123)
, 
(882)
, 
(312)
, 
(178)
, 
(363)
, 
(504)
, 
(812)
, 
(561)
, 
(580)
, 
(579)
, 
(125)
, 
(367)
, 
(743)
, 
(812)
, 
(402)
, 
(34)
, 
(778)
, 
(345)
, 
(920)
, 
(634)
, 
(578)
, 
(300)
, 
(686)
, 
(505)
, 
(917)
, 
(952)
, 
(681)
, 
(520)
, 
(651)
, 
(373)
, 
(292)
, 
(297)
, 
(553)
, 
(534)
, 
(74)
, 
(873)
, 
(522)
, 
(562)
, 
(777)
, 
(387)
, 
(432)
, 
(207)
, 
(445)
, 
(188)
, 
(568)
, 
(530)
, 
(891)
, 
(393)
, 
(19)
, 
(888)
, 
(55)
, 
(47)
, 
(826)
, 
(598)
, 
(551)
, 
(800)
, 
(79)
, 
(938)
, 
(999)
, 
(360)
, 
(536)
, 
(242)
, 
(935)
, 
(10)
, 
(130)
, 
(599)
, 
(751)
, 
(431)
, 
(463)
, 
(680)
, 
(684)
, 
(541)
, 
(407)
, 
(694)
, 
(579)
, 
(716)
, 
(206)
, 
(624)
, 
(41)
, 
(619)
, 
(381)
, 
(107)
, 
(681)
, 
(620)
, 
(655)
, 
(464)
, 
(241)
, 
(566)
, 
(33)
, 
(228)
, 
(763)
, 
(511)
, 
(471)
, 
(49)
, 
(299)
, 
(180)
, 
(411)
, 
(777)
, 
(799)
, 
(39)
, 
(265)
, 
(822)
, 
(358)
, 
(79)
, 
(220)
, 
(342)
, 
(518)
, 
(33)
, 
(735)
, 
(106)
, 
(904)
, 
(563)
, 
(963)
, 
(716)
, 
(596)
, 
(761)
, 
(447)
, 
(402)
, 
(443)
, 
(527)
, 
(588)
, 
(186)
, 
(588)
, 
(725)
, 
(811)
, 
(36)
, 
(32)
, 
(148)
, 
(122)
, 
(358)
, 
(986)
, 
(261)
, 
(1)
, 
(234)
, 
(823)
, 
(423)
, 
(87)
, 
(958)
, 
(991)
, 
(87)
, 
(122)
, 
(316)
, 
(921)
, 
(732)
, 
(675)
, 
(60)
, 
(30)
, 
(921)
, 
(779)
, 
(718)
, 
(951)
, 
(797)
, 
(62)
, 
(344)
, 
(509)
, 
(391)
, 
(532)
, 
(877)
, 
(22)
, 
(816)
, 
(191)
, 
(60)
, 
(769)
, 
(622)
, 
(250)
, 
(530)
, 
(990)
, 
(120)
, 
(653)
, 
(711)
, 
(668)
, 
(844)
, 
(684)
, 
(752)
, 
(221)
, 
(479)
, 
(782)
, 
(719)
, 
(537)
, 
(397)
, 
(814)
, 
(636)
, 
(373)
, 
(724)
, 
(407)
, 
(559)
, 
(863)
, 
(700)
, 
(391)
, 
(160)
, 
(623)
, 
(468)
, 
(556)
, 
(133)
, 
(615)
, 
(952)
, 
(751)
, 
(958)
, 
(812)
, 
(532)
, 
(864)
, 
(474)
, 
(28)
, 
(996)
, 
(694)
, 
(480)
, 
(614)
, 
(937)
, 
(640)
, 
(628)
, 
(986)
, 
(253)
, 
(286)
, 
(226)
, 
(341)
, 
(496)
, 
(643)
, 
(510)
, 
(492)
, 
(566)
, 
(753)
, 
(463)
, 
(390)
, 
(301)
, 
(720)
, 
(938)
, 
(566)
, 
(530)
, 
(878)
, 
(535)
, 
(307)
, 
(789)
, 
(171)
, 
(143)
, 
(655)
, 
(18)
, 
(908)
, 
(845)
, 
(884)
, 
(329)
, 
(8)
, 
(913)
, 
(441)
, 
(362)
, 
(733)
, 
(463)
, 
(305)
, 
(611)
, 
(33)
, 
(922)
, 
(978)
, 
(855)
, 
(881)
, 
(962)
, 
(413)
, 
(695)
, 
(572)
, 
(616)
, 
(166)
, 
(585)
, 
(888)
, 
(916)
, 
(873)
, 
(115)
, 
(812)
, 
(900)
, 
(66)
, 
(385)
, 
(658)
, 
(257)
, 
(980)
, 
(893)
, 
(67)
, 
(127)
, 
(797)
, 
(531)
, 
(585)
, 
(589)
, 
(708)
, 
(198)
, 
(212)
, 
(891)
, 
(759)
, 
(807)
, 
(977)
, 
(819)
, 
(192)
, 
(144)
, 
(322)
, 
(867)
, 
(732)
, 
(74)
, 
(759)
, 
(512)
, 
(447)
, 
(296)
, 
(740)
, 
(623)
, 
(416)
, 
(892)
, 
(687)
, 
(101)
, 
(117)
, 
(154)
, 
(161)
, 
(287)
, 
(577)
, 
(945)
, 
(415)
, 
(186)
, 
(946)
, 
(606)
, 
(904)
, 
(239)
, 
(840)
, 
(322)
, 
(737)
, 
(179)
, 
(348)
, 
(75)
, 
(614)
, 
(363)
, 
(266)
, 
(593)
, 
(906)
, 
(581)
, 
(918)
, 
(930)
, 
(39)
, 
(532)
, 
(187)
, 
(947)
, 
(941)
, 
(170)
, 
(825)
, 
(623)
, 
(413)
, 
(523)
, 
(815)
, 
(500)
, 
(155)
, 
(969)
, 
(993)
, 
(456)
, 
(929)
, 
(44)
, 
(799)
, 
(548)
, 
(779)
, 
(194)
, 
(371)
, 
(789)
, 
(633)
, 
(702)
, 
(665)
, 
(410)
, 
(609)
, 
(938)
, 
(868)
, 
(13)
, 
(694)
, 
(251)
, 
(505)
, 
(762)
, 
(399)
, 
(610)
, 
(49)
, 
(564)
, 
(544)
, 
(615)
, 
(777)
, 
(865)
, 
(991)
, 
(605)
, 
(978)
, 
(23)
, 
(760)
, 
(801)
, 
(887)
, 
(267)
, 
(421)
, 
(188)
, 
(223)
, 
(235)
, 
(739)
, 
(51)
, 
(311)
, 
(992)
, 
(853)
, 
(324)
, 
(410)
, 
(480)
, 
(143)
, 
(91)
, 
(724)
, 
(661)
, 
(792)
, 
(256)
, 
(1)
, 
(54)
, 
(793)
, 
(49)
, 
(853)
, 
(392)
, 
(642)
, 
(277)
, 
(375)
, 
(137)
, 
(14)
, 
(610)
, 
(867)
, 
(157)
, 
(968)
, 
(439)
, 
(435)
, 
(602)
, 
(532)
, 
(739)
, 
(715)
, 
(561)
, 
(851)
, 
(979)
, 
(471)
, 
(311)
, 
(358)
, 
(526)
, 
(741)
, 
(161)
, 
(680)
, 
(65)
, 
(132)
, 
(730)
, 
(403)
, 
(616)
, 
(592)
, 
(9)
, 
(466)
, 
(442)
, 
(550)
, 
(363)
, 
(820)
, 
(133)
, 
(94)
, 
(240)
, 
(99)
, 
(781)
, 
(636)
, 
(292)
, 
(123)
, 
(984)
, 
(574)
, 
(864)
, 
(956)
, 
(410)
, 
(718)
, 
(146)
, 
(185)
, 
(383)
, 
(518)
, 
(334)
, 
(141)
, 
(55)
, 
(930)
, 
(399)
, 
(540)
, 
(672)
, 
(551)
, 
(916)
, 
(448)
, 
(848)
, 
(164)
, 
(327)
, 
(456)
, 
(806)
, 
(779)
, 
(142)
, 
(728)
, 
(216)
, 
(774)
, 
(71)
, 
(396)
, 
(60)
, 
(919)
, 
(505)
, 
(7)
, 
(710)
, 
(900)
, 
(92)
, 
(457)
, 
(426)
, 
(112)
, 
(492)
, 
(920)
, 
(947)
, 
(322)
, 
(750)
, 
(570)
, 
(536)
, 
(143)
, 
(179)
, 
(514)
, 
(940)
, 
(637)
, 
(899)
, 
(341)
, 
(313)
, 
(696)
, 
(428)
, 
(704)
, 
(500)
, 
(524)
, 
(751)
, 
(123)
, 
(487)
, 
(349)
, 
(952)
, 
(673)
, 
(243)
, 
(443)
, 
(748)
, 
(349)
, 
(737)
, 
(576)
, 
(603)
, 
(861)
, 
(747)
, 
(328)
, 
(258)
, 
(621)
, 
(370)
, 
(81)
, 
(363)
, 
(504)
, 
(461)
, 
(636)
, 
(212)
, 
(141)
, 
(226)
, 
(824)
, 
(560)
, 
(814)
, 
(902)
, 
(195)
, 
(438)
, 
(195)
, 
(854)
, 
(693)
, 
(856)
, 
(827)
, 
(406)
, 
(681)
, 
(1)
, 
(4)
, 
(635)
, 
(865)
, 
(772)
, 
(734)
, 
(707)
, 
(175)
, 
(646)
, 
(374)
, 
(695)
, 
(930)
, 
(791)
, 
(481)
, 
(222)
, 
(223)
, 
(658)
, 
(791)
, 
(528)
, 
(531)
, 
(165)
, 
(678)
, 
(450)
, 
(916)
, 
(455)
, 
(159)
, 
(465)
, 
(160)
, 
(963)
, 
(261)
, 
(795)
, 
(861)
, 
(782)
, 
(282)
, 
(647)
, 
(178)
, 
(158)
, 
(426)
, 
(73)
, 
(638)
, 
(130)
, 
(825)
, 
(493)
, 
(731)
, 
(772)
, 
(488)
, 
(311)
, 
(3)
, 
(696)
, 
(273)
, 
(783)
, 
(294)
, 
(559)
, 
(428)
, 
(629)
, 
(319)
, 
(844)
, 
(175)
, 
(505)
, 
(382)
, 
(542)
, 
(506)
, 
(626)
, 
(504)
, 
(456)
, 
(376)
, 
(168)
, 
(790)
, 
(235)
, 
(599)
, 
(784)
, 
(252)
, 
(712)
, 
(909)
, 
(148)
, 
(994)
, 
(540)
, 
(66)
, 
(158)
, 
(356)
, 
(235)
, 
(855)
, 
(277)
, 
(559)
, 
(728)
, 
(365)
, 
(582)
, 
(184)
, 
(599)
, 
(89)
, 
(325)
, 
(151)
, 
(172)
, 
(178)
, 
(899)
, 
(338)
, 
(250)
, 
(434)
, 
(843)
, 
(368)
, 
(283)
, 
(609)
, 
(814)
, 
(680)
, 
(600)
, 
(527)
, 
(44)
, 
(676)
, 
(885)
, 
(25)
, 
(750)
, 
(941)
, 
(117)
, 
(406)
, 
(355)
, 
(583)
, 
(442)
, 
(903)
, 
(758)
, 
(600)
, 
(875)
, 
(442)
, 
(589)
, 
(748)
, 
(16)
, 
(958)
, 
(197)
, 
(359)
, 
(676)
, 
(433)
, 
(306)
, 
(377)
, 
(858)
, 
(220)
, 
(111)
, 
(172)
, 
(830)
, 
(143)
, 
(821)
, 
(59)
, 
(824)
, 
(198)
, 
(920)
, 
(363)
, 
(219)
, 
(567)
, 
(601)
, 
(48)
, 
(474)
, 
(347)
, 
(32)
, 
(366)
, 
(452)
, 
(493)
, 
(321)
, 
(916)
, 
(286)
, 
(982)
, 
(210)
, 
(668)
, 
(351)
, 
(28)
, 
(200)
, 
(800)
, 
(387)
, 
(935)
, 
(943)
, 
(476)
, 
(420)
, 
(410)
, 
(75)
, 
(623)
, 
(117)
, 
(290)
, 
(640)
, 
(818)
, 
(199)
, 
(336)
, 
(418)
, 
(227)
, 
(854)
, 
(558)
, 
(358)
, 
(987)
, 
(806)
, 
(100)
, 
(924)
, 
(58)
, 
(264)
, 
(75)
, 
(205)
, 
(88)
, 
(750)
, 
(98)
, 
(600)
, 
(603)
, 
(789)
, 
(185)
, 
(127)
, 
(550)
, 
(882)
, 
(361)
, 
(767)
, 
(768)
, 
(49)
, 
(692)
, 
(795)
, 
(103)
, 
(334)
, 
(695)
, 
(151)
, 
(360)
, 
(590)
, 
(441)
, 
(978)
, 
(707)
, 
(768)
, 
(199)
, 
(204)
, 
(659)
, 
(417)
, 
(518)
, 
(453)
, 
(323)
, 
(543)
, 
(374)
, 
(895)
, 
(415)
, 
(154)
, 
(649)
, 
(594)
, 
(364)
, 
(118)
, 
(763)
, 
(376)
, 
(560)
, 
(72)
, 
(729)
, 
(11)
, 
(601)
, 
(868)
, 
(188)
, 
(190)
, 
(971)
, 
(419)
, 
(670)
, 
(201)
, 
(615)
, 
(70)
, 
(482)
, 
(97)
, 
(67)
, 
(400)
, 
(276)
, 
(491)
, 
(502)
, 
(685)
, 
(367)
, 
(498)
, 
(426)
, 
(327)
, 
(433)
, 
(324)
, 
(594)
, 
(30)
, 
(417)
, 
(511)
, 
(585)
, 
(895)
, 
(514)
, 
(599)
, 
(568)
, 
(930)
, 
(802)
, 
(733)
, 
(620)
, 
(846)
, 
(105)
, 
(607)
, 
(411)
, 
(235)
, 
(846)
, 
(312)
, 
(224)
, 
(292)
, 
(287)
, 
(655)
, 
(425)
, 
(84)
, 
(920)
, 
(631)
, 
(758)
, 
(511)
, 
(52)
, 
(45)
, 
(679)
, 
(613)
, 
(785)
, 
(89)
, 
(594)
, 
(738)
, 
(724)
, 
(248)
, 
(801)
, 
(59)
, 
(106)
, 
(406)
, 
(979)
, 
(370)
, 
(652)
, 
(428)
, 
(37)
, 
(582)
, 
(917)
, 
(12)
, 
(163)
, 
(416)
, 
(739)
, 
(636)
, 
(81)
, 
(453)
, 
(668)
, 
(126)
, 
(906)
, 
(690)
, 
(479)
, 
(823)
, 
(791)
, 
(222)
, 
(258)
, 
(821)
, 
(543)
, 
(857)
, 
(219)
, 
(367)
, 
(166)
, 
(175)
, 
(677)
, 
(403)
, 
(723)
, 
(927)
, 
(51)
, 
(462)
, 
(481)
, 
(201)
, 
(885)
, 
(42)
, 
(398)
, 
(23)
, 
(945)
, 
(281)
, 
(242)
, 
(23)
, 
(952)
, 
(384)
, 
(954)
, 
(431)
, 
(457)
, 
(678)
, 
(569)
, 
(173)
, 
(211)
, 
(338)
, 
(822)
, 
(656)
, 
(699)
, 
(68)
, 
(646)
, 
(428)
, 
(104)
, 
(1000)
, 
(663)
, 
(240)
, 
(941)
, 
(868)
, 
(65)
, 
(737)
, 
(284)
, 
(306)
, 
(767)
, 
(911)
, 
(277)
, 
(551)
, 
(727)
, 
(988)
, 
(363)
, 
(935)
, 
(219)
, 
(687)
, 
(688)
, 
(808)
, 
(616)
, 
(487)
, 
(113)
, 
(163)
, 
(458)
, 
(490)
, 
(199)
, 
(807)
, 
(417)
, 
(409)
, 
(772)
, 
(396)
, 
(486)
, 
(338)
, 
(600)
, 
(136)
, 
(313)
, 
(936)
, 
(634)
, 
(654)
, 
(282)
, 
(417)
, 
(639)
, 
(107)
, 
(318)
, 
(4)
, 
(689)
, 
(275)
, 
(562)
, 
(777)
, 
(577)
, 
(888)
, 
(186)
, 
(455)
, 
(165)
, 
(816)
, 
(903)
, 
(580)
, 
(66)
, 
(965)
, 
(302)
, 
(196)
, 
(723)
, 
(115)
, 
(379)
, 
(724)
, 
(189)
, 
(210)
, 
(461)
, 
(353)
, 
(710)
, 
(385)
, 
(665)
, 
(851)
, 
(735)
, 
(913)
, 
(902)
, 
(530)
, 
(67)
, 
(266)
, 
(390)
, 
(502)
, 
(776)
, 
(774)
, 
(77)
, 
(846)
, 
(509)
, 
(260)
, 
(310)
, 
(87)
, 
(455)
, 
(660)
, 
(431)
, 
(522)
, 
(78)
, 
(789)
, 
(72)
, 
(480)
, 
(622)
, 
(464)
, 
(404)
, 
(300)
, 
(660)
, 
(801)
, 
(685)
, 
(612)
, 
(193)
, 
(60)
, 
(599)
, 
(451)
, 
(68)
, 
(218)
, 
(380)
, 
(655)
, 
(723)
, 
(309)
, 
(715)
, 
(346)
, 
(202)
, 
(223)
, 
(534)
, 
(293)
, 
(447)
, 
(804)
, 
(317)
, 
(271)
, 
(159)
, 
(305)
, 
(592)
, 
(891)
, 
(279)
, 
(312)
, 
(105)
, 
(916)
, 
(407)
, 
(58)
, 
(470)
, 
(636)
, 
(549)
, 
(541)
, 
(875)
, 
(434)
, 
(778)
, 
(518)
, 
(1)
, 
(585)
, 
(188)
, 
(359)
, 
(792)
, 
(386)
, 
(512)
, 
(847)
, 
(118)
, 
(296)
, 
(396)
, 
(179)
, 
(483)
, 
(988)
, 
(987)
, 
(662)
, 
(346)
, 
(782)
, 
(307)
, 
(849)
, 
(741)
, 
(259)
, 
(124)
, 
(937)
, 
(944)
, 
(84)
, 
(694)
, 
(694)
, 
(680)
, 
(897)
, 
(774)
, 
(311)
, 
(792)
, 
(578)
, 
(994)
, 
(640)
, 
(281)
, 
(66)
, 
(662)
, 
(583)
, 
(37)
, 
(169)
, 
(798)
, 
(702)
, 
(395)
, 
(664)
, 
(630)
, 
(840)
, 
(230)
, 
(595)
, 
(829)
, 
(767)
, 
(81)
, 
(238)
, 
(899)
, 
(456)
, 
(152)
, 
(316)
, 
(701)
, 
(215)
, 
(147)
, 
(932)
, 
(331)
, 
(82)
, 
(140)
, 
(184)
, 
(867)
, 
(413)
, 
(490)
, 
(211)
, 
(288)
, 
(475)
, 
(400)
, 
(256)
, 
(443)
, 
(834)
, 
(864)
, 
(373)
, 
(930)
, 
(79)
, 
(77)
, 
(781)
, 
(553)
, 
(314)
, 
(358)
, 
(48)
, 
(984)
, 
(294)
, 
(220)
, 
(449)
, 
(513)
, 
(104)
, 
(338)
, 
(560)
, 
(292)
, 
(922)
, 
(122)
, 
(36)
, 
(953)
, 
(792)
, 
(261)
, 
(488)
, 
(214)
, 
(130)
, 
(624)
, 
(418)
, 
(951)
, 
(988)
, 
(105)
, 
(819)
, 
(696)
, 
(159)
, 
(909)
, 
(157)
, 
(579)
, 
(65)
, 
(182)
, 
(1)
, 
(367)
, 
(963)
, 
(964)
, 
(630)
, 
(346)
, 
(493)
, 
(839)
, 
(92)
, 
(364)
, 
(602)
, 
(234)
, 
(275)
, 
(166)
, 
(951)
, 
(424)
, 
(254)
, 
(206)
, 
(266)
, 
(326)
, 
(647)
, 
(689)
, 
(776)
, 
(144)
, 
(78)
, 
(455)
, 
(750)
, 
(705)
, 
(761)
, 
(36)
, 
(291)
, 
(477)
, 
(656)
, 
(843)
, 
(708)
, 
(590)
, 
(743)
, 
(50)
, 
(189)
, 
(392)
, 
(704)
, 
(445)
, 
(979)
, 
(528)
, 
(989)
, 
(714)
, 
(858)
, 
(43)
, 
(597)
, 
(903)
, 
(59)
, 
(329)
, 
(748)
, 
(796)
, 
(910)
, 
(719)
, 
(263)
, 
(827)
, 
(340)
, 
(426)
, 
(581)
, 
(45)
, 
(888)
, 
(639)
, 
(730)
, 
(981)
, 
(258)
, 
(245)
, 
(9)
, 
(221)
, 
(718)
, 
(27)
, 
(804)
, 
(187)
, 
(733)
, 
(150)
, 
(952)
, 
(154)
, 
(554)
, 
(166)
, 
(211)
, 
(886)
, 
(197)
, 
(40)
, 
(718)
, 
(874)
, 
(710)
, 
(193)
, 
(170)
, 
(638)
, 
(766)
, 
(356)
, 
(804)
, 
(166)
, 
(508)
, 
(352)
, 
(962)
, 
(767)
, 
(874)
, 
(313)
, 
(420)
, 
(407)
, 
(742)
, 
(248)
, 
(831)
, 
(932)
, 
(46)
, 
(503)
, 
(660)
, 
(260)
, 
(556)
, 
(588)
, 
(565)
, 
(673)
, 
(996)
, 
(282)
, 
(670)
, 
(680)
, 
(646)
, 
(852)
, 
(164)
, 
(508)
, 
(95)
, 
(749)
, 
(238)
, 
(486)
, 
(852)
, 
(516)
, 
(725)
, 
(240)
, 
(194)
, 
(424)
, 
(968)
, 
(514)
, 
(125)
, 
(196)
, 
(537)
, 
(581)
, 
(978)
, 
(859)
, 
(42)
, 
(237)
, 
(990)
, 
(881)
, 
(543)
, 
(56)
, 
(900)
, 
(181)
, 
(418)
, 
(437)
, 
(9)
, 
(933)
, 
(61)
, 
(539)
, 
(712)
, 
(110)
, 
(148)
, 
(921)
, 
(302)
, 
(448)
, 
(713)
, 
(267)
, 
(631)
, 
(54)
, 
(439)
, 
(960)
, 
(131)
, 
(255)
, 
(713)
, 
(410)
, 
(947)
, 
(330)
, 
(880)
, 
(366)
, 
(527)
, 
(141)
, 
(361)
, 
(775)
, 
(893)
, 
(410)
, 
(374)
, 
(768)
, 
(46)
, 
(566)
, 
(618)
, 
(77)
, 
(367)
, 
(80)
, 
(870)
, 
(489)
, 
(345)
, 
(233)
, 
(516)
, 
(335)
, 
(518)
, 
(108)
, 
(272)
, 
(616)
, 
(143)
, 
(32)
, 
(922)
, 
(604)
, 
(686)
, 
(520)
, 
(881)
, 
(651)
, 
(343)
, 
(756)
, 
(69)
, 
(56)
, 
(457)
, 
(338)
, 
(612)
, 
(345)
, 
(521)
, 
(6)
, 
(179)
, 
(993)
, 
(162)
, 
(716)
, 
(87)
, 
(512)
, 
(864)
, 
(705)
, 
(351)
, 
(815)
, 
(665)
, 
(512)
, 
(603)
, 
(377)
, 
(988)
, 
(175)
, 
(38)
, 
(447)
, 
(284)
, 
(782)
, 
(113)
, 
(465)
, 
(941)
, 
(196)
, 
(738)
, 
(442)
, 
(508)
, 
(107)
, 
(799)
, 
(130)
, 
(796)
, 
(390)
, 
(912)
, 
(405)
, 
(438)
, 
(260)
, 
(40)
, 
(593)
, 
(978)
, 
(803)
, 
(537)
, 
(327)
, 
(61)
, 
(175)
, 
(289)
, 
(264)
, 
(511)
, 
(8)
, 
(809)
, 
(44)
, 
(119)
, 
(193)
, 
(379)
, 
(172)
, 
(910)
, 
(738)
, 
(877)
, 
(983)
, 
(829)
, 
(761)
, 
(185)
, 
(386)
, 
(61)
, 
(221)
, 
(855)
, 
(437)
, 
(534)
, 
(386)
, 
(92)
, 
(635)
, 
(929)
, 
(230)
, 
(487)
, 
(155)
, 
(79)
, 
(199)
, 
(610)
, 
(44)
, 
(775)
, 
(398)
, 
(584)
, 
(163)
, 
(570)
, 
(826)
, 
(198)
, 
(94)
, 
(970)
, 
(671)
, 
(185)
, 
(782)
, 
(4)
, 
(640)
, 
(7)
, 
(409)
, 
(363)
, 
(508)
, 
(993)
, 
(261)
, 
(567)
, 
(472)
, 
(732)
, 
(175)
, 
(488)
, 
(595)
, 
(952)
, 
(133)
, 
(382)
, 
(53)
, 
(682)
, 
(191)
, 
(870)
, 
(168)
, 
(891)
, 
(143)
, 
(495)
, 
(575)
, 
(794)
, 
(581)
, 
(307)
, 
(742)
, 
(412)
, 
(318)
, 
(91)
, 
(473)
, 
(618)
, 
(622)
, 
(265)
, 
(65)
, 
(207)
, 
(386)
, 
(600)
, 
(46)
, 
(629)
, 
(312)
, 
(974)
, 
(268)
, 
(100)
, 
(302)
, 
(22)
, 
(723)
, 
(796)
, 
(273)
, 
(168)
, 
(13)
, 
(734)
, 
(831)
, 
(783)
, 
(529)
, 
(915)
, 
(731)
, 
(729)
, 
(786)
, 
(343)
, 
(582)
, 
(62)
, 
(420)
, 
(6)
, 
(117)
, 
(269)
, 
(455)
, 
(136)
, 
(431)
, 
(291)
, 
(941)
, 
(251)
, 
(754)
, 
(109)
, 
(963)
, 
(167)
, 
(560)
, 
(193)
, 
(160)
, 
(106)
, 
(722)
, 
(193)
, 
(352)
, 
(202)
, 
(315)
, 
(170)
, 
(20)
, 
(577)
, 
(495)
, 
(131)
, 
(476)
, 
(978)
, 
(693)
, 
(973)
, 
(300)
, 
(353)
, 
(36)
, 
(214)
, 
(159)
, 
(285)
, 
(620)
, 
(406)
, 
(190)
, 
(628)
, 
(675)
, 
(248)
, 
(465)
, 
(443)
, 
(379)
, 
(893)
, 
(777)
, 
(542)
, 
(785)
, 
(231)
, 
(995)
, 
(17)
, 
(471)
, 
(436)
, 
(255)
, 
(560)
, 
(500)
, 
(98)
, 
(917)
, 
(341)
, 
(826)
, 
(942)
, 
(725)
, 
(448)
, 
(17)
, 
(943)
, 
(858)
, 
(988)
, 
(719)
, 
(590)
, 
(331)
, 
(797)
, 
(134)
, 
(971)
, 
(720)
, 
(508)
, 
(356)
, 
(246)
, 
(357)
, 
(389)
, 
(920)
, 
(467)
, 
(390)
, 
(826)
, 
(480)
, 
(971)
, 
(380)
, 
(961)
, 
(12)
, 
(377)
, 
(861)
, 
(416)
, 
(2)
, 
(195)
, 
(100)
, 
(182)
, 
(919)
, 
(30)
, 
(848)
, 
(608)
, 
(578)
, 
(779)
, 
(873)
, 
(796)
, 
(556)
, 
(375)
, 
(938)
, 
(158)
, 
(388)
, 
(406)
, 
(344)
, 
(17)
, 
(852)
, 
(822)
, 
(533)
, 
(172)
, 
(84)
, 
(290)
, 
(974)
, 
(377)
, 
(16)
, 
(553)
, 
(688)
, 
(775)
, 
(866)
, 
(704)
, 
(707)
, 
(60)
, 
(808)
, 
(948)
, 
(869)
, 
(509)
, 
(630)
, 
(355)
, 
(333)
, 
(930)
, 
(678)
, 
(431)
, 
(131)
, 
(794)
, 
(682)
, 
(668)
, 
(605)
, 
(491)
, 
(528)
, 
(432)
, 
(405)
, 
(783)
, 
(196)
, 
(238)
, 
(497)
, 
(69)
, 
(737)
, 
(42)
, 
(455)
, 
(544)
, 
(572)
, 
(651)
, 
(439)
, 
(796)
, 
(603)
, 
(415)
, 
(421)
, 
(45)
, 
(14)
, 
(767)
, 
(84)
, 
(439)
, 
(295)
, 
(321)
, 
(999)
, 
(906)
, 
(842)
, 
(521)
, 
(937)
, 
(28)
, 
(531)
, 
(258)
, 
(853)
, 
(755)
, 
(391)
, 
(666)
, 
(187)
, 
(776)
, 
(284)
, 
(132)
, 
(638)
, 
(855)
, 
(693)
, 
(508)
, 
(635)
, 
(292)
, 
(290)
, 
(608)
, 
(228)
, 
(955)
, 
(310)
, 
(506)
, 
(10)
, 
(720)
, 
(368)
, 
(66)
, 
(298)
, 
(814)
, 
(941)
, 
(172)
, 
(982)
, 
(58)
, 
(167)
, 
(10)
, 
(360)
, 
(872)
, 
(453)
, 
(80)
, 
(356)
, 
(999)
, 
(623)
, 
(813)
, 
(509)
, 
(739)
, 
(102)
, 
(585)
, 
(237)
, 
(239)
, 
(859)
, 
(666)
, 
(534)
, 
(917)
, 
(931)
, 
(308)
, 
(415)
, 
(65)
, 
(766)
, 
(666)
, 
(881)
, 
(433)
, 
(654)
, 
(755)
, 
(594)
, 
(189)
, 
(984)
, 
(68)
, 
(308)
, 
(178)
, 
(131)
, 
(177)
, 
(661)
, 
(841)
, 
(889)
, 
(643)
, 
(452)
, 
(107)
, 
(88)
, 
(330)
, 
(794)
, 
(468)
, 
(273)
, 
(882)
, 
(540)
, 
(200)
, 
(986)
, 
(314)
, 
(590)
, 
(737)
, 
(774)
, 
(948)
, 
(133)
, 
(54)
, 
(337)
, 
(73)
, 
(679)
, 
(595)
, 
(539)
, 
(15)
, 
(2)
, 
(411)
, 
(400)
, 
(20)
, 
(495)
, 
(1000)
, 
(97)
, 
(852)
, 
(793)
, 
(194)
, 
(2)
, 
(798)
, 
(323)
, 
(966)
, 
(25)
, 
(114)
, 
(461)
, 
(538)
, 
(284)
, 
(653)
, 
(620)
, 
(711)
, 
(719)
, 
(418)
, 
(261)
, 
(592)
, 
(243)
, 
(162)
, 
(462)
, 
(797)
, 
(78)
, 
(539)
, 
(276)
, 
(1)
, 
(990)
, 
(299)
, 
(590)
, 
(940)
, 
(462)
, 
(389)
, 
(425)
, 
(94)
, 
(433)
, 
(82)
, 
(303)
, 
(744)
, 
(170)
, 
(52)
, 
(945)
, 
(228)
, 
(56)
, 
(559)
, 
(564)
, 
(508)
, 
(283)
, 
(953)
, 
(783)
, 
(966)
, 
(694)
, 
(297)
, 
(726)
, 
(916)
, 
(546)
, 
(281)
, 
(798)
, 
(594)
, 
(64)
, 
(841)
, 
(204)
, 
(372)
, 
(321)
, 
(860)
, 
(89)
, 
(852)
, 
(178)
, 
(564)
, 
(255)
, 
(945)
, 
(406)
, 
(887)
, 
(265)
, 
(300)
, 
(264)
, 
(775)
, 
(857)
, 
(211)
, 
(640)
, 
(40)
, 
(439)
, 
(270)
, 
(730)
, 
(678)
, 
(460)
, 
(279)
, 
(343)
, 
(677)
, 
(309)
, 
(439)
, 
(439)
, 
(819)
, 
(701)
, 
(696)
, 
(609)
, 
(859)
, 
(677)
, 
(825)
, 
(961)
, 
(343)
, 
(766)
, 
(161)
, 
(80)
, 
(178)
, 
(984)
, 
(974)
, 
(269)
, 
(456)
, 
(565)
, 
(880)
, 
(971)
, 
(410)
, 
(159)
, 
(26)
, 
(854)
, 
(447)
, 
(947)
, 
(84)
, 
(703)
, 
(978)
, 
(340)
, 
(742)
, 
(563)
, 
(611)
, 
(229)
, 
(43)
, 
(571)
, 
(590)
, 
(255)
, 
(30)
, 
(607)
, 
(20)
, 
(191)
, 
(677)
, 
(959)
, 
(820)
, 
(343)
, 
(860)
, 
(761)
, 
(670)
, 
(950)
, 
(775)
, 
(900)
, 
(538)
, 
(305)
, 
(185)
, 
(657)
, 
(193)
, 
(909)
, 
(880)
, 
(84)
, 
(120)
, 
(211)
, 
(426)
, 
(192)
, 
(593)
, 
(484)
, 
(307)
, 
(998)
, 
(384)
, 
(594)
, 
(148)
, 
(478)
, 
(309)
, 
(161)
, 
(916)
, 
(975)
, 
(713)
, 
(6)
, 
(967)
, 
(231)
, 
(96)
, 
(277)
, 
(781)
, 
(275)
, 
(181)
, 
(934)
, 
(410)
, 
(536)
, 
(423)
, 
(726)
, 
(636)
, 
(733)
, 
(874)
, 
(154)
, 
(12)
, 
(976)
, 
(740)
, 
(907)
, 
(156)
, 
(565)
, 
(112)
, 
(490)
, 
(381)
, 
(365)
, 
(987)
, 
(134)
, 
(905)
, 
(224)
, 
(581)
, 
(674)
, 
(367)
, 
(544)
, 
(93)
, 
(338)
, 
(900)
, 
(751)
, 
(528)
, 
(390)
, 
(863)
, 
(651)
, 
(206)
, 
(232)
, 
(128)
, 
(524)
, 
(994)
, 
(599)
, 
(310)
, 
(955)
, 
(753)
, 
(537)
, 
(24)
, 
(335)
, 
(976)
, 
(877)
, 
(762)
, 
(915)
, 
(901)
, 
(868)
, 
(984)
, 
(417)
, 
(708)
, 
(940)
, 
(997)
, 
(422)
, 
(194)
, 
(902)
, 
(375)
, 
(958)
, 
(799)
, 
(360)
, 
(175)
, 
(111)
, 
(523)
, 
(477)
, 
(649)
, 
(97)
, 
(464)
, 
(623)
, 
(321)
, 
(914)
, 
(447)
, 
(588)
, 
(718)
, 
(696)
, 
(565)
, 
(529)
, 
(571)
, 
(559)
, 
(369)
, 
(339)
, 
(745)
, 
(256)
, 
(535)
, 
(986)
, 
(297)
, 
(733)
, 
(807)
, 
(662)
, 
(620)
, 
(503)
, 
(211)
, 
(866)
, 
(280)
, 
(288)
, 
(506)
, 
(1000)
, 
(962)
, 
(917)
, 
(349)
, 
(973)
, 
(516)
, 
(200)
, 
(540)
, 
(504)
, 
(905)
, 
(886)
, 
(520)
, 
(256)
, 
(420)
, 
(447)
, 
(752)
, 
(878)
, 
(773)
, 
(13)
, 
(541)
, 
(575)
, 
(581)
, 
(659)
, 
(401)
, 
(843)
, 
(170)
, 
(240)
, 
(310)
, 
(453)
, 
(267)
, 
(716)
, 
(64)
, 
(653)
, 
(117)
, 
(361)
, 
(960)
, 
(257)
, 
(367)
, 
(149)
, 
(352)
, 
(665)
, 
(62)
, 
(216)
, 
(682)
, 
(614)
, 
(504)
, 
(593)
, 
(558)
, 
(773)
, 
(5)
, 
(46)
, 
(331)
, 
(577)
, 
(631)
, 
(979)
, 
(363)
, 
(815)
, 
(263)
, 
(735)
, 
(468)
, 
(64)
, 
(595)
, 
(103)
, 
(544)
, 
(219)
, 
(212)
, 
(349)
, 
(15)
, 
(70)
, 
(337)
, 
(987)
, 
(861)
, 
(613)
, 
(497)
, 
(462)
, 
(308)
, 
(25)
, 
(247)
, 
(871)
, 
(272)
, 
(802)
, 
(950)
, 
(632)
, 
(341)
, 
(992)
, 
(991)
, 
(383)
, 
(951)
, 
(237)
, 
(79)
, 
(265)
, 
(455)
, 
(560)
, 
(457)
, 
(643)
, 
(201)
, 
(181)
, 
(94)
, 
(588)
, 
(108)
, 
(70)
, 
(186)
, 
(596)
, 
(775)
, 
(224)
, 
(312)
, 
(688)
, 
(391)
, 
(246)
, 
(461)
, 
(117)
, 
(93)
, 
(246)
, 
(961)
, 
(553)
, 
(550)
, 
(895)
, 
(802)
, 
(803)
, 
(707)
, 
(401)
, 
(806)
, 
(807)
, 
(480)
, 
(228)
, 
(398)
, 
(372)
, 
(30)
, 
(677)
, 
(194)
, 
(974)
, 
(751)
, 
(540)
, 
(443)
, 
(501)
, 
(396)
, 
(399)
, 
(1000)
, 
(517)
, 
(636)
, 
(409)
, 
(839)
, 
(236)
, 
(124)
, 
(783)
, 
(290)
, 
(686)
, 
(648)
, 
(334)
, 
(426)
, 
(891)
, 
(328)
, 
(263)
, 
(713)
, 
(737)
, 
(717)
, 
(105)
, 
(638)
, 
(823)
, 
(290)
, 
(763)
, 
(600)
, 
(933)
, 
(454)
, 
(578)
, 
(564)
, 
(15)
, 
(789)
, 
(145)
, 
(904)
, 
(604)
, 
(344)
, 
(81)
, 
(587)
, 
(485)
, 
(654)
, 
(527)
, 
(510)
, 
(247)
, 
(272)
, 
(847)
, 
(163)
, 
(267)
, 
(695)
, 
(583)
, 
(829)
, 
(335)
, 
(88)
, 
(917)
, 
(371)
, 
(574)
, 
(912)
, 
(919)
, 
(766)
, 
(828)
, 
(116)
, 
(563)
, 
(760)
, 
(410)
, 
(827)
, 
(339)
, 
(207)
, 
(780)
, 
(61)
, 
(705)
, 
(623)
, 
(752)
, 
(115)
, 
(22)
, 
(60)
, 
(954)
, 
(709)
, 
(159)
, 
(314)
, 
(618)
, 
(33)
, 
(797)
, 
(817)
, 
(30)
, 
(529)
, 
(828)
, 
(518)
, 
(339)
, 
(660)
, 
(307)
, 
(74)
, 
(875)
, 
(997)
, 
(459)
, 
(68)
, 
(76)
, 
(9)
, 
(929)
, 
(722)
, 
(889)
, 
(50)
, 
(684)
, 
(330)
, 
(990)
, 
(131)
, 
(824)
, 
(180)
, 
(719)
, 
(747)
, 
(430)
, 
(644)
, 
(40)
, 
(204)
, 
(235)
, 
(727)
, 
(306)
, 
(220)
, 
(405)
, 
(661)
, 
(544)
, 
(279)
, 
(340)
, 
(533)
, 
(886)
, 
(434)
, 
(718)
, 
(191)
, 
(573)
, 
(338)
, 
(391)
, 
(793)
, 
(734)
, 
(160)
, 
(407)
, 
(3)
, 
(978)
, 
(793)
, 
(377)
, 
(461)
, 
(196)
, 
(324)
, 
(340)
, 
(996)
, 
(689)
, 
(479)
, 
(242)
, 
(891)
, 
(202)
, 
(502)
, 
(832)
, 
(621)
, 
(643)
, 
(631)
, 
(915)
, 
(349)
, 
(242)
, 
(159)
, 
(36)
, 
(140)
, 
(368)
, 
(88)
, 
(131)
, 
(270)
, 
(106)
, 
(522)
, 
(426)
, 
(452)
, 
(90)
, 
(201)
, 
(246)
, 
(897)
, 
(20)
, 
(992)
, 
(869)
, 
(303)
, 
(758)
, 
(325)
, 
(671)
, 
(43)
, 
(509)
, 
(742)
, 
(10)
, 
(274)
, 
(582)
, 
(593)
, 
(332)
, 
(41)
, 
(288)
, 
(224)
, 
(999)
, 
(385)
, 
(646)
, 
(545)
, 
(577)
, 
(816)
, 
(365)
, 
(789)
, 
(586)
, 
(952)
, 
(16)
, 
(550)
, 
(435)
, 
(606)
, 
(696)
, 
(757)
, 
(52)
, 
(642)
, 
(156)
, 
(243)
, 
(905)
, 
(42)
, 
(623)
, 
(760)
, 
(324)
, 
(281)
, 
(99)
, 
(522)
, 
(133)
, 
(221)
, 
(542)
, 
(142)
, 
(34)
, 
(440)
, 
(607)
, 
(61)
, 
(768)
, 
(484)
, 
(723)
, 
(595)
, 
(764)
, 
(80)
, 
(838)
, 
(151)
, 
(53)
, 
(868)
, 
(408)
, 
(142)
, 
(168)
, 
(940)
, 
(622)
, 
(320)
, 
(859)
, 
(241)
, 
(579)
, 
(773)
, 
(116)
, 
(109)
, 
(724)
, 
(379)
, 
(719)
, 
(669)
, 
(165)
, 
(688)
, 
(784)
, 
(291)
, 
(357)
, 
(516)
, 
(712)
, 
(830)
, 
(565)
, 
(156)
, 
(529)
, 
(236)
, 
(169)
, 
(252)
, 
(139)
, 
(16)
, 
(149)
, 
(516)
, 
(644)
, 
(638)
, 
(989)
, 
(641)
, 
(367)
, 
(444)
, 
(48)
, 
(490)
, 
(534)
, 
(536)
, 
(652)
, 
(279)
, 
(291)
, 
(692)
, 
(205)
, 
(953)
, 
(752)
, 
(454)
, 
(636)
, 
(220)
, 
(675)
, 
(122)
, 
(89)
, 
(302)
, 
(782)
, 
(9)
, 
(878)
, 
(133)
, 
(711)
, 
(245)
, 
(467)
, 
(732)
, 
(505)
, 
(872)
, 
(489)
, 
(285)
, 
(704)
, 
(517)
, 
(412)
, 
(174)
, 
(312)
, 
(17)
, 
(171)
, 
(874)
, 
(362)
, 
(241)
, 
(432)
, 
(484)
, 
(738)
, 
(598)
, 
(335)
, 
(776)
, 
(148)
, 
(830)
, 
(491)
, 
(170)
, 
(905)
, 
(4)
, 
(290)
, 
(434)
, 
(234)
, 
(987)
, 
(528)
, 
(117)
, 
(552)
, 
(337)
, 
(505)
, 
(198)
, 
(958)
, 
(341)
, 
(611)
, 
(88)
, 
(476)
, 
(359)
, 
(296)
, 
(149)
, 
(115)
, 
(1000)
, 
(722)
, 
(42)
, 
(568)
, 
(9)
, 
(987)
, 
(849)
, 
(461)
, 
(678)
, 
(773)
, 
(878)
, 
(933)
, 
(393)
, 
(788)
, 
(215)
, 
(34)
, 
(458)
, 
(141)
, 
(235)
, 
(206)
, 
(465)
, 
(787)
, 
(159)
, 
(679)
, 
(699)
, 
(273)
, 
(552)
, 
(226)
, 
(848)
, 
(760)
, 
(605)
, 
(594)
, 
(497)
, 
(937)
, 
(478)
, 
(486)
, 
(772)
, 
(634)
, 
(502)
, 
(503)
, 
(28)
, 
(524)
, 
(113)
, 
(66)
, 
(580)
, 
(806)
, 
(311)
, 
(829)
, 
(206)
, 
(524)
, 
(101)
, 
(580)
, 
(242)
, 
(454)
, 
(124)
, 
(186)
, 
(949)
, 
(891)
, 
(137)
, 
(911)
, 
(180)
, 
(704)
, 
(862)
, 
(7)
, 
(208)
, 
(974)
, 
(659)
, 
(58)
, 
(896)
, 
(552)
, 
(924)
, 
(485)
, 
(271)
, 
(887)
, 
(246)
, 
(636)
, 
(354)
, 
(767)
, 
(380)
, 
(740)
, 
(574)
, 
(708)
, 
(68)
, 
(131)
, 
(427)
, 
(692)
, 
(285)
, 
(982)
, 
(173)
, 
(642)
, 
(653)
, 
(837)
, 
(374)
, 
(295)
, 
(157)
, 
(665)
, 
(442)
, 
(981)
, 
(187)
, 
(792)
, 
(961)
, 
(97)
, 
(705)
, 
(29)
, 
(923)
, 
(817)
, 
(662)
, 
(586)
, 
(596)
, 
(756)
, 
(968)
, 
(355)
, 
(377)
, 
(390)
, 
(673)
, 
(396)
, 
(596)
, 
(104)
, 
(972)
, 
(23)
, 
(11)
, 
(620)
, 
(648)
, 
(190)
, 
(73)
, 
(148)
, 
(922)
, 
(681)
, 
(886)
, 
(58)
, 
(223)
, 
(836)
, 
(949)
, 
(843)
, 
(328)
, 
(220)
, 
(388)
, 
(514)
, 
(522)
, 
(733)
, 
(695)
, 
(637)
, 
(382)
, 
(490)
, 
(6)
, 
(720)
, 
(948)
, 
(917)
, 
(566)
, 
(287)
, 
(135)
, 
(264)
, 
(249)
, 
(989)
, 
(268)
, 
(856)
, 
(904)
, 
(975)
, 
(667)
, 
(224)
, 
(902)
, 
(433)
, 
(572)
, 
(732)
, 
(728)
, 
(936)
, 
(701)
, 
(729)
, 
(828)
, 
(479)
, 
(396)
, 
(161)
, 
(935)
, 
(955)
, 
(382)
, 
(230)
, 
(85)
, 
(102)
, 
(136)
, 
(181)
, 
(12)
, 
(295)
, 
(434)
, 
(489)
, 
(603)
, 
(539)
, 
(891)
, 
(808)
, 
(370)
, 
(27)
, 
(305)
, 
(614)
, 
(358)
, 
(748)
, 
(149)
, 
(902)
, 
(640)
, 
(799)
, 
(342)
, 
(49)
, 
(863)
, 
(157)
, 
(631)
, 
(213)
, 
(442)
, 
(716)
, 
(247)
, 
(570)
, 
(966)
, 
(243)
, 
(253)
, 
(558)
, 
(711)
, 
(25)
, 
(531)
, 
(363)
, 
(625)
, 
(553)
, 
(126)
, 
(885)
, 
(212)
, 
(783)
, 
(221)
, 
(198)
, 
(950)
, 
(37)
, 
(421)
, 
(901)
, 
(839)
, 
(62)
, 
(480)
, 
(588)
, 
(85)
, 
(841)
, 
(611)
, 
(221)
, 
(413)
, 
(606)
, 
(693)
, 
(301)
, 
(69)
, 
(712)
, 
(704)
, 
(618)
, 
(519)
, 
(843)
, 
(440)
, 
(527)
, 
(392)
, 
(798)
, 
(463)
, 
(58)
, 
(365)
, 
(796)
, 
(753)
, 
(717)
, 
(655)
, 
(297)
, 
(689)
, 
(78)
, 
(658)
, 
(806)
, 
(772)
, 
(336)
, 
(758)
, 
(942)
, 
(64)
, 
(325)
, 
(155)
, 
(387)
, 
(171)
, 
(284)
, 
(709)
, 
(391)
, 
(553)
, 
(182)
, 
(996)
, 
(760)
, 
(271)
, 
(866)
, 
(577)
, 
(98)
, 
(270)
, 
(843)
, 
(51)
, 
(583)
, 
(370)
, 
(502)
, 
(790)
, 
(478)
, 
(501)
, 
(889)
, 
(841)
, 
(930)
, 
(397)
, 
(645)
, 
(592)
, 
(719)
, 
(895)
, 
(286)
, 
(722)
, 
(602)
, 
(972)
, 
(462)
, 
(213)
, 
(220)
, 
(733)
, 
(694)
, 
(686)
, 
(111)
, 
(662)
, 
(326)
, 
(857)
, 
(128)
, 
(701)
, 
(213)
, 
(457)
, 
(292)
, 
(778)
, 
(21)
, 
(178)
, 
(358)
, 
(594)
, 
(745)
, 
(894)
, 
(913)
, 
(211)
, 
(950)
, 
(327)
, 
(400)
, 
(715)
, 
(479)
, 
(64)
, 
(372)
, 
(818)
, 
(54)
, 
(23)
, 
(673)
, 
(635)
, 
(132)
, 
(945)
, 
(997)
, 
(963)
, 
(1)
, 
(30)
, 
(83)
, 
(428)
, 
(119)
, 
(159)
, 
(826)
, 
(178)
, 
(893)
, 
(612)
, 
(323)
, 
(663)
, 
(410)
, 
(501)
, 
(343)
, 
(105)
, 
(170)
, 
(483)
, 
(524)
, 
(323)
, 
(190)
, 
(872)
, 
(950)
, 
(657)
, 
(326)
, 
(967)
, 
(551)
, 
(659)
, 
(443)
, 
(832)
, 
(488)
, 
(918)
, 
(463)
, 
(217)
, 
(6)
, 
(863)
, 
(349)
, 
(71)
, 
(357)
, 
(421)
, 
(976)
, 
(391)
, 
(980)
, 
(760)
, 
(874)
, 
(604)
, 
(248)
, 
(33)
, 
(219)
, 
(820)
, 
(805)
, 
(360)
, 
(198)
, 
(812)
, 
(69)
, 
(732)
, 
(697)
, 
(608)
, 
(790)
, 
(967)
, 
(551)
, 
(397)
, 
(575)
, 
(421)
, 
(629)
, 
(39)
, 
(90)
, 
(13)
, 
(63)
, 
(125)
, 
(52)
, 
(850)
, 
(200)
, 
(908)
, 
(26)
, 
(847)
, 
(356)
, 
(912)
, 
(710)
, 
(250)
, 
(543)
, 
(332)
, 
(52)
, 
(362)
, 
(568)
, 
(524)
, 
(708)
, 
(494)
, 
(900)
, 
(761)
, 
(143)
, 
(382)
, 
(405)
, 
(826)
, 
(280)
, 
(622)
, 
(459)
, 
(628)
, 
(151)
, 
(823)
, 
(17)
, 
(462)
, 
(815)
, 
(877)
, 
(785)
, 
(322)
, 
(295)
, 
(446)
, 
(909)
, 
(493)
, 
(183)
, 
(124)
, 
(158)
, 
(184)
, 
(909)
, 
(379)
, 
(183)
, 
(955)
, 
(89)
, 
(926)
, 
(230)
, 
(309)
, 
(131)
, 
(499)
, 
(933)
, 
(486)
, 
(573)
, 
(879)
, 
(363)
, 
(563)
, 
(334)
, 
(478)
, 
(870)
, 
(510)
, 
(680)
, 
(121)
, 
(19)
, 
(569)
, 
(494)
, 
(924)
, 
(450)
, 
(603)
, 
(763)
, 
(559)
, 
(300)
, 
(724)
, 
(697)
, 
(605)
, 
(436)
, 
(620)
, 
(172)
, 
(628)
, 
(66)
, 
(24)
, 
(608)
, 
(759)
, 
(856)
, 
(681)
, 
(491)
, 
(790)
, 
(877)
, 
(375)
, 
(455)
, 
(232)
, 
(720)
, 
(210)
, 
(406)
, 
(159)
, 
(610)
, 
(288)
, 
(449)
, 
(935)
, 
(578)
, 
(983)
, 
(187)
, 
(891)
, 
(337)
, 
(854)
, 
(848)
, 
(31)
, 
(34)
, 
(39)
, 
(453)
, 
(589)
, 
(849)
, 
(580)
, 
(344)
, 
(315)
, 
(68)
, 
(92)
, 
(686)
, 
(760)
, 
(10)
, 
(179)
, 
(424)
, 
(81)
, 
(132)
, 
(776)
, 
(938)
, 
(638)
, 
(274)
, 
(60)
, 
(105)
, 
(600)
, 
(889)
, 
(896)
, 
(953)
, 
(353)
, 
(499)
, 
(415)
, 
(556)
, 
(197)
, 
(590)
, 
(112)
, 
(977)
, 
(366)
, 
(352)
, 
(406)
, 
(188)
, 
(19)
, 
(415)
, 
(631)
, 
(874)
, 
(785)
, 
(643)
, 
(558)
, 
(640)
, 
(835)
, 
(277)
, 
(888)
, 
(199)
, 
(568)
, 
(46)
, 
(546)
, 
(407)
, 
(411)
, 
(952)
, 
(542)
, 
(13)
, 
(465)
, 
(923)
, 
(65)
, 
(706)
, 
(375)
, 
(397)
, 
(125)
, 
(551)
, 
(57)
, 
(566)
, 
(405)
, 
(46)
, 
(106)
, 
(958)
, 
(337)
, 
(446)
, 
(156)
, 
(150)
, 
(420)
, 
(239)
, 
(825)
, 
(361)
, 
(907)
, 
(283)
, 
(562)
, 
(807)
, 
(797)
, 
(359)
, 
(257)
, 
(895)
, 
(260)
, 
(151)
, 
(598)
, 
(112)
, 
(478)
, 
(17)
, 
(887)
, 
(256)
, 
(612)
, 
(384)
, 
(449)
, 
(921)
, 
(951)
, 
(687)
, 
(782)
, 
(598)
, 
(733)
, 
(898)
, 
(500)
, 
(576)
, 
(350)
, 
(412)
, 
(130)
, 
(230)
, 
(347)
, 
(121)
, 
(277)
, 
(68)
, 
(196)
, 
(219)
, 
(89)
, 
(971)
, 
(547)
, 
(611)
, 
(455)
, 
(530)
, 
(315)
, 
(983)
, 
(98)
, 
(605)
, 
(642)
, 
(816)
, 
(332)
, 
(448)
, 
(942)
, 
(810)
, 
(633)
, 
(188)
, 
(435)
, 
(976)
, 
(748)
, 
(413)
, 
(852)
, 
(551)
, 
(885)
, 
(670)
, 
(485)
, 
(897)
, 
(542)
, 
(982)
, 
(504)
, 
(25)
, 
(284)
, 
(775)
, 
(862)
, 
(158)
, 
(386)
, 
(652)
, 
(881)
, 
(750)
, 
(589)
, 
(481)
, 
(771)
, 
(886)
, 
(511)
, 
(472)
, 
(655)
, 
(311)
, 
(702)
, 
(235)
, 
(352)
, 
(283)
, 
(281)
, 
(50)
, 
(158)
, 
(653)
, 
(177)
, 
(877)
, 
(64)
, 
(440)
, 
(241)
, 
(27)
, 
(167)
, 
(937)
, 
(707)
, 
(464)
, 
(83)
, 
(740)
, 
(357)
, 
(370)
, 
(9)
, 
(340)
, 
(732)
, 
(552)
, 
(60)
, 
(29)
, 
(193)
, 
(257)
, 
(950)
, 
(803)
, 
(458)
, 
(255)
, 
(722)
, 
(895)
, 
(559)
, 
(372)
, 
(749)
, 
(840)
, 
(865)
, 
(629)
, 
(477)
, 
(433)
, 
(133)
, 
(554)
, 
(20)
, 
(40)
, 
(789)
, 
(75)
, 
(182)
, 
(957)
, 
(77)
, 
(782)
, 
(938)
, 
(424)
, 
(644)
, 
(751)
, 
(534)
, 
(439)
, 
(284)
, 
(445)
, 
(336)
, 
(183)
, 
(95)
, 
(126)
, 
(651)
, 
(964)
, 
(459)
, 
(499)
, 
(89)
, 
(555)
, 
(312)
, 
(428)
, 
(563)
, 
(240)
, 
(588)
, 
(79)
, 
(857)
, 
(132)
, 
(962)
, 
(956)
, 
(683)
, 
(43)
, 
(497)
, 
(184)
, 
(731)
, 
(270)
, 
(741)
, 
(879)
, 
(349)
, 
(124)
, 
(254)
, 
(745)
, 
(544)
, 
(76)
, 
(773)
, 
(55)
, 
(635)
, 
(311)
, 
(70)
, 
(291)
, 
(385)
, 
(952)
, 
(213)
, 
(179)
, 
(171)
, 
(284)
, 
(551)
, 
(167)
, 
(787)
, 
(649)
, 
(354)
, 
(355)
, 
(951)
, 
(194)
, 
(857)
, 
(274)
, 
(691)
, 
(97)
, 
(422)
, 
(267)
, 
(746)
, 
(662)
, 
(458)
, 
(76)
, 
(984)
, 
(645)
, 
(783)
, 
(669)
, 
(560)
, 
(820)
, 
(19)
, 
(735)
, 
(287)
, 
(83)
, 
(541)
, 
(606)
, 
(902)
, 
(226)
, 
(836)
, 
(711)
, 
(130)
, 
(18)
, 
(29)
, 
(683)
, 
(957)
, 
(457)
, 
(955)
, 
(32)
, 
(915)
, 
(691)
, 
(865)
, 
(268)
, 
(725)
, 
(493)
, 
(159)
, 
(834)
, 
(128)
, 
(244)
, 
(5)
, 
(292)
, 
(97)
, 
(816)
, 
(743)
, 
(199)
, 
(221)
, 
(449)
, 
(422)
, 
(992)
, 
(546)
, 
(107)
, 
(411)
, 
(848)
, 
(838)
, 
(816)
, 
(248)
, 
(801)
, 
(271)
, 
(98)
, 
(664)
, 
(738)
, 
(713)
, 
(266)
, 
(37)
, 
(374)
, 
(550)
, 
(564)
, 
(691)
, 
(145)
, 
(850)
, 
(206)
, 
(612)
, 
(763)
, 
(346)
, 
(167)
, 
(720)
, 
(846)
, 
(171)
, 
(934)
, 
(231)
, 
(769)
, 
(71)
, 
(342)
, 
(285)
, 
(604)
, 
(423)
, 
(8)
, 
(10)
, 
(658)
, 
(842)
, 
(694)
, 
(654)
, 
(539)
, 
(272)
, 
(257)
, 
(596)
, 
(592)
, 
(896)
, 
(996)
, 
(230)
, 
(307)
, 
(521)
, 
(215)
, 
(368)
, 
(794)
, 
(237)
, 
(376)
, 
(501)
, 
(609)
, 
(615)
, 
(881)
, 
(22)
, 
(960)
, 
(731)
, 
(195)
, 
(523)
, 
(406)
, 
(742)
, 
(358)
, 
(297)
, 
(134)
, 
(564)
, 
(447)
, 
(129)
, 
(710)
, 
(667)
, 
(66)
, 
(128)
, 
(886)
, 
(519)
, 
(165)
, 
(14)
, 
(228)
, 
(466)
, 
(240)
, 
(705)
, 
(413)
, 
(190)
, 
(730)
, 
(655)
, 
(906)
, 
(988)
, 
(435)
, 
(207)
, 
(847)
, 
(849)
, 
(214)
, 
(641)
, 
(281)
, 
(516)
, 
(609)
, 
(989)
, 
(521)
, 
(403)
, 
(302)
, 
(183)
, 
(576)
, 
(800)
, 
(769)
, 
(931)
, 
(769)
, 
(671)
, 
(503)
, 
(834)
, 
(766)
, 
(265)
, 
(389)
, 
(285)
, 
(941)
, 
(44)
, 
(842)
, 
(55)
, 
(474)
, 
(592)
, 
(358)
, 
(755)
, 
(443)
, 
(716)
, 
(110)
, 
(902)
, 
(39)
, 
(195)
, 
(783)
, 
(117)
, 
(931)
, 
(474)
, 
(153)
, 
(538)
, 
(102)
, 
(21)
, 
(374)
, 
(348)
, 
(763)
, 
(49)
, 
(780)
, 
(779)
, 
(621)
, 
(346)
, 
(212)
, 
(761)
, 
(138)
, 
(660)
, 
(132)
, 
(792)
, 
(951)
, 
(931)
, 
(530)
, 
(134)
, 
(540)
, 
(271)
, 
(590)
, 
(47)
, 
(558)
, 
(630)
, 
(278)
, 
(69)
, 
(323)
, 
(175)
, 
(696)
, 
(960)
, 
(626)
, 
(411)
, 
(666)
, 
(954)
, 
(762)
, 
(929)
, 
(306)
, 
(298)
, 
(771)
, 
(303)
, 
(699)
, 
(377)
, 
(40)
, 
(147)
, 
(437)
, 
(870)
, 
(742)
, 
(888)
, 
(241)
, 
(231)
, 
(795)
, 
(353)
, 
(485)
, 
(612)
, 
(294)
, 
(186)
, 
(624)
, 
(273)
, 
(473)
, 
(297)
, 
(652)
, 
(628)
, 
(232)
, 
(567)
, 
(814)
, 
(201)
, 
(89)
, 
(908)
, 
(771)
, 
(307)
, 
(150)
, 
(233)
, 
(836)
, 
(413)
, 
(978)
, 
(784)
, 
(984)
, 
(127)
, 
(132)
, 
(364)
, 
(107)
, 
(165)
, 
(347)
, 
(405)
, 
(204)
, 
(828)
, 
(135)
, 
(431)
, 
(5)
, 
(174)
, 
(719)
, 
(71)
, 
(690)
, 
(125)
, 
(403)
, 
(494)
, 
(939)
, 
(794)
, 
(362)
, 
(87)
, 
(371)
, 
(933)
, 
(650)
, 
(209)
, 
(757)
, 
(319)
, 
(409)
, 
(71)
, 
(361)
, 
(400)
, 
(236)
, 
(96)
, 
(252)
, 
(423)
, 
(973)
, 
(715)
, 
(150)
, 
(832)
, 
(14)
, 
(219)
, 
(151)
, 
(955)
, 
(900)
, 
(970)
, 
(6)
, 
(686)
, 
(173)
, 
(120)
, 
(643)
, 
(305)
, 
(493)
, 
(566)
, 
(442)
, 
(283)
, 
(620)
, 
(605)
, 
(159)
, 
(201)
, 
(679)
, 
(380)
, 
(790)
, 
(276)
, 
(124)
, 
(122)
, 
(385)
, 
(76)
, 
(76)
, 
(144)
, 
(458)
, 
(206)
, 
(349)
, 
(407)
, 
(570)
, 
(310)
, 
(831)
, 
(829)
, 
(201)
, 
(524)
, 
(416)
, 
(201)
, 
(284)
, 
(916)
, 
(581)
, 
(202)
, 
(779)
, 
(643)
, 
(572)
, 
(213)
, 
(47)
, 
(720)
, 
(857)
, 
(703)
, 
(559)
, 
(512)
, 
(55)
, 
(33)
, 
(690)
, 
(570)
, 
(251)
, 
(243)
, 
(694)
, 
(631)
, 
(706)
, 
(214)
, 
(415)
, 
(757)
, 
(229)
, 
(449)
, 
(833)
, 
(165)
, 
(765)
, 
(70)
, 
(396)
, 
(10)
, 
(710)
, 
(650)
, 
(822)
, 
(155)
, 
(193)
, 
(346)
, 
(329)
, 
(629)
, 
(732)
, 
(738)
, 
(721)
, 
(217)
, 
(931)
, 
(185)
, 
(190)
, 
(835)
, 
(217)
, 
(766)
, 
(227)
, 
(510)
, 
(377)
, 
(770)
, 
(457)
, 
(141)
, 
(50)
, 
(24)
, 
(69)
, 
(827)
, 
(877)
, 
(798)
, 
(69)
, 
(68)
, 
(820)
, 
(538)
, 
(678)
, 
(619)
, 
(153)
, 
(324)
, 
(868)
, 
(339)
, 
(842)
, 
(373)
, 
(467)
, 
(106)
, 
(259)
, 
(139)
, 
(401)
, 
(584)
, 
(210)
, 
(519)
, 
(870)
, 
(591)
, 
(128)
, 
(418)
, 
(497)
, 
(347)
, 
(598)
, 
(496)
, 
(413)
, 
(307)
, 
(974)
, 
(844)
, 
(544)
, 
(663)
, 
(127)
, 
(196)
, 
(670)
, 
(625)
, 
(918)
, 
(695)
, 
(598)
, 
(130)
, 
(695)
, 
(152)
, 
(796)
, 
(435)
, 
(785)
, 
(716)
, 
(571)
, 
(297)
, 
(574)
, 
(79)
, 
(134)
, 
(161)
, 
(351)
, 
(929)
, 
(28)
, 
(642)
, 
(461)
, 
(171)
, 
(956)
, 
(142)
, 
(55)
, 
(622)
, 
(710)
, 
(699)
, 
(378)
, 
(872)
, 
(919)
, 
(530)
, 
(279)
, 
(396)
, 
(424)
, 
(665)
, 
(616)
, 
(687)
, 
(418)
, 
(157)
, 
(640)
, 
(8)
, 
(832)
, 
(967)
, 
(520)
, 
(977)
, 
(184)
, 
(824)
, 
(424)
, 
(482)
, 
(356)
, 
(841)
, 
(954)
, 
(524)
, 
(292)
, 
(510)
, 
(78)
, 
(998)
, 
(260)
, 
(888)
, 
(98)
, 
(497)
, 
(128)
, 
(28)
, 
(915)
, 
(175)
, 
(927)
, 
(341)
, 
(900)
, 
(987)
, 
(311)
, 
(766)
, 
(26)
, 
(458)
, 
(121)
, 
(208)
, 
(791)
, 
(347)
, 
(64)
, 
(408)
, 
(818)
, 
(774)
, 
(345)
, 
(360)
, 
(417)
, 
(77)
, 
(748)
, 
(606)
, 
(650)
, 
(987)
, 
(971)
, 
(468)
, 
(989)
, 
(636)
, 
(920)
, 
(651)
, 
(280)
, 
(535)
, 
(643)
, 
(112)
, 
(956)
, 
(781)
, 
(674)
, 
(966)
, 
(422)
, 
(100)
, 
(782)
, 
(169)
, 
(211)
, 
(802)
, 
(112)
, 
(715)
, 
(508)
, 
(158)
, 
(947)
, 
(76)
, 
(962)
, 
(829)
, 
(155)
, 
(249)
, 
(333)
, 
(435)
, 
(35)
, 
(708)
, 
(366)
, 
(64)
, 
(106)
, 
(695)
, 
(648)
, 
(732)
, 
(791)
, 
(766)
, 
(499)
, 
(475)
, 
(784)
, 
(678)
, 
(298)
, 
(917)
, 
(545)
, 
(884)
, 
(894)
, 
(999)
, 
(321)
, 
(321)
, 
(137)
, 
(373)
, 
(882)
, 
(86)
, 
(413)
, 
(333)
, 
(594)
, 
(277)
, 
(863)
, 
(857)
, 
(620)
, 
(584)
, 
(442)
, 
(923)
, 
(648)
, 
(866)
, 
(467)
, 
(933)
, 
(957)
, 
(972)
, 
(995)
, 
(361)
, 
(988)
, 
(733)
, 
(60)
, 
(118)
, 
(426)
, 
(256)
, 
(702)
, 
(443)
, 
(333)
, 
(648)
, 
(730)
, 
(910)
, 
(298)
, 
(640)
, 
(185)
, 
(406)
, 
(315)
, 
(510)
, 
(646)
, 
(615)
, 
(246)
, 
(121)
, 
(735)
, 
(901)
, 
(488)
, 
(390)
, 
(675)
, 
(653)
, 
(862)
, 
(182)
, 
(365)
, 
(352)
, 
(702)
, 
(832)
, 
(679)
, 
(795)
, 
(63)
, 
(919)
, 
(792)
, 
(115)
, 
(974)
, 
(419)
, 
(725)
, 
(178)
, 
(798)
, 
(905)
, 
(644)
, 
(6)
, 
(54)
, 
(24)
, 
(420)
, 
(914)
, 
(159)
, 
(736)
, 
(373)
, 
(49)
, 
(985)
, 
(119)
, 
(611)
, 
(461)
, 
(299)
, 
(886)
, 
(608)
, 
(19)
, 
(487)
, 
(151)
, 
(515)
, 
(564)
, 
(255)
, 
(96)
, 
(235)
, 
(938)
, 
(211)
, 
(685)
, 
(290)
, 
(376)
, 
(689)
, 
(751)
, 
(351)
, 
(387)
, 
(224)
, 
(198)
, 
(521)
, 
(257)
, 
(380)
, 
(6)
, 
(249)
, 
(234)
, 
(487)
, 
(212)
, 
(971)
, 
(184)
, 
(533)
, 
(715)
, 
(955)
, 
(851)
, 
(194)
, 
(677)
, 
(638)
, 
(188)
, 
(376)
, 
(546)
, 
(761)
, 
(504)
, 
(610)
, 
(441)
, 
(883)
, 
(326)
, 
(524)
, 
(505)
;
